OPEN_Lower = {
	1950, 1950, 1950, 1950, 1950, 1950, 1950, 1950, 1950, 1950, 1950, 1950, 1950, 1950, 1950, 1950, 1950, 1950,
	1950, 1950, 1950, 1950, 1950, 1950, 1950, 1950, 1950, 1950, 1950, 1950, 1950, 1950, 1950, 1950, 1950, 1950,
	1950, 1950, 1950, 1950, 1950, 1950, 1950, 1950, 1950, 1950, 1950, 1950, 1950, 1950, 1950, 1950, 1950, 1950,
	1950, 1950, 1950, 1950, 1950, 1950, 1950, 1950, 1950, 1950, 1950, 1950, 1950, 1950, 1950, 1950, 1950, 1950,
	1950, 1950, 1950, 1950, 1950, 1950, 1950, 1950, 1950, 1950, 1950, 1950, 1950, 1950, 1950, 1950, 1950, 1950,
	1950, 1950, 1950, 1950, 1950, 1950, 1950, 1950, 1950, 1950, 1950, 1950, 1950, 1950, 1950, 1950, 1950, 1950,
	1950, 1950, 1950, 1950, 1950, 1950, 1950, 1950, 1950, 1950, 1950, 1950, 1950, 1950, 1950, 1950, 1950, 1950,
	1950, 1950, 1950, 1950, 1950, 1950, 1950, 1950, 1950, 1950, 1950, 1950, 1950, 1950, 1950, 1950, 1950, 1950,
	1950, 1950, 1950, 1950, 1950, 1950, 1950, 1950, 1950, 1950, 1950, 1950, 1950, 1950, 1950, 1950, 1950, 1950,
	1950, 1950, 1950, 1950, 1950, 1950, 1950, 1950, 1950, 1950, 1950, 1950, 1950, 1950, 1950, 1950, 1950, 1950,
	1950, 1950, 1950, 1950, 1950, 1950, 1950, 1950, 1950, 1950, 1950, 1950, 1950, 1950, 1950, 1950, 1950, 1950,
	1950, 1950, 1950, 1950, 1950, 1950, 1950, 1950, 1950, 1950, 1950, 1950, 1950, 1950, 1950, 1950, 1950, 1950,
	1950, 1950, 1950, 1950, 1950, 1950, 1950, 1950, 1950, 1950, 1950, 1950, 1950, 1950, 1950, 1950, 1950, 1950,
	1950, 1950, 1950, 1950, 1950, 1950, 1950, 1950, 1950, 1950, 1950, 1950, 1950, 1950, 1950, 1950, 1950, 1950,
	1950, 1950, 1950, 1950, 1950, 1950, 1950, 1950, 1950, 1950, 1950, 1950, 1950, 1950, 1950, 1950, 1950, 1950,
	1950, 1950, 1950, 1950, 1950, 1950, 1950, 1950, 1950, 1950, 1950, 1950, 1950, 1950, 1950, 1950, 1950, 1950,
	1950, 1950, 1950, 1950, 1950, 1950, 1950, 1950, 1950, 1950, 1950, 1950, 1950, 1950, 1950, 1950, 1950, 1950,
	1950, 1950, 1950, 1950, 1950, 1950, 1950, 1950, 1950, 1950, 1950, 1950, 1950, 1950, 1950, 1950, 1950, 1950,
	1950, 1950, 1950, 1950, 1950, 1950, 1950, 1950, 1950, 1950, 1950, 1950, 1950, 1950, 1950, 1950, 1950, 1950,
	1950, 1950, 1950, 1950, 1950, 1950, 1950, 1950, 1950, 1950, 1950, 1950, 1950, 1950, 1950, 1950, 1950, 1950,
	1950, 1950, 1950, 1950, 1950, 1950, 1950, 1950, 1950, 1950, 1950, 1950, 1950, 1950, 1950, 1950, 1950, 1950,
	1950, 1950, 1950, 1950, 1950, 1950, 1950, 1950, 1950, 1950, 1950, 1950, 1950, 1950, 1950, 1950, 1950, 1950,
	1950, 1950, 1950, 1950, 1950, 1950, 1950, 1950, 1950, 1950, 1950, 1950, 1950, 1950, 1950, 1950, 1950, 1950,
	1950, 1950, 1950, 1950, 1950, 1950, 1950, 1950, 1950, 1950, 1950, 1950, 1950, 1950, 1950, 1950, 1950, 1950,
	1950, 1950, 1950, 1950, 1950, 1950, 1950, 1950, 1950, 1950, 1950, 1950, 1950, 1950, 1950, 1950, 1950, 1950,
	1950, 1950, 1950, 1950, 1950, 1950, 1950, 1950, 1950, 1950, 1950, 1950, 1950, 1950, 1950, 1950, 1950, 1950,
	1950, 1950, 1950, 1950, 1950, 1950, 1950, 1950, 1950, 1950, 1950, 1950, 1950, 1950, 1950, 1950, 1950, 1950,
	1950, 1950, 1950, 1950, 1950, 1950, 1950, 1950, 1950, 1950, 1950, 1950, 1950, 1950, 1950, 1950, 1950, 1950,
	1950, 1950, 1950, 1950, 1950, 1950, 1950, 1950, 1950, 1950, 1950, 1950, 1950, 1950, 1950, 1950, 1950, 1950,
	1950, 1950, 1950, 1950, 1950, 1950, 1950, 1950, 1950, 1950, 1950, 1950, 1950, 1950, 1950, 1950, 1950, 1950,
	1950, 1950, 1950, 1950, 1950, 1950, 1950, 1950, 1950, 1950, 1950, 1950, 1950, 1950, 1950, 1950, 1950, 1950,
	1950, 1950, 1950, 1950, 1950, 1950, 1950, 1950, 1950, 1950, 1950, 1950, 1950, 1950, 1950, 1950, 1950, 1950,
	1950, 1950, 1950, 1950, 1950, 1950, 1950, 1950, 1950, 1950, 1950, 1950, 1950, 1950, 1950, 1950, 1950, 1950,
	1950, 1950, 1950, 1950, 1950, 1950, 1950, 1950, 1950, 1950, 1950, 1950, 1950, 1950, 1950, 1950, 1950, 1950,
	1950, 1950, 1950, 1950, 1950, 1950, 1950, 1950, 1950, 1950, 1950, 1950, 1950, 1950, 1950, 1950, 1950, 1950,
	1950, 1950, 1950, 1950, 1950, 1950, 1950, 1950, 1950, 1950, 1950, 1950, 1950, 1950, 1950, 1950, 1950, 1950,
	1950, 1950, 1950, 1950, 1950, 1950, 1950, 1950, 1950, 1950, 1950, 1950, 1950, 1950, 1950, 1950, 1950, 1950,
	1950, 1950, 1950, 1950, 1950, 1950, 1950, 1950, 1950, 1950, 1950, 1950, 1950, 1950, 1950, 1950, 1950, 1950,
}

OPEN_Upper = {
	8192, 8192, 8192, 8192, 8192, 8192, 8192, 8192, 8192, 8192, 8192, 8192, 8192, 8192, 8192, 8192, 8192, 8192,
	8192, 8192, 8192, 8192, 8192, 8192, 8192, 8192, 8192, 8192, 8192, 8192, 8192, 8192, 8192, 8192, 8192, 8192,
	8192, 8192, 8192, 8192, 8192, 8192, 8192, 8192, 8192, 8192, 8192, 8192, 8192, 8192, 8192, 8192, 8192, 8192,
	8192, 8192, 8192, 8192, 8192, 8192, 8192, 8192, 8192, 8192, 8192, 8192, 8192, 8192, 8192, 8192, 8192, 8192,
	8192, 8192, 8192, 8192, 8192, 8192, 8192, 8192, 8192, 8192, 8192, 8192, 8192, 8192, 8192, 8192, 8192, 8192,
	8192, 8192, 8192, 8192, 8192, 8192, 8192, 8192, 8192, 8192, 8192, 8192, 8192, 8192, 8192, 8192, 8192, 8192,
	8192, 8192, 8192, 8192, 8192, 8192, 8192, 8192, 8192, 8192, 8192, 8192, 8192, 8192, 8192, 8192, 8192, 8192,
	8192, 8192, 8192, 8192, 8192, 8192, 8192, 8192, 8192, 8192, 8192, 8192, 8192, 8192, 8192, 8192, 8192, 8192,
	8192, 8192, 8192, 8192, 8192, 8192, 8192, 8192, 8192, 8192, 8192, 8192, 8192, 8192, 8192, 8192, 8192, 8192,
	8192, 8192, 8192, 8192, 8192, 8192, 8192, 8192, 8192, 8192, 8192, 8192, 8192, 8192, 8192, 8192, 8192, 8192,
	8192, 8192, 8192, 8192, 8192, 8192, 8192, 8192, 8192, 8192, 8192, 8192, 8192, 8192, 8192, 8192, 8192, 8192,
	8192, 8192, 8192, 8192, 8192, 8192, 8192, 8192, 8192, 8192, 8192, 8192, 8192, 8192, 8192, 8192, 8192, 8192,
	8192, 8192, 8192, 8192, 8192, 8192, 8192, 8192, 8192, 8192, 8192, 8192, 8192, 8192, 8192, 8192, 8192, 8192,
	8192, 8192, 8192, 8192, 8192, 8192, 8192, 8192, 8192, 8192, 8192, 8192, 8192, 8192, 8192, 8192, 8192, 8192,
	8192, 8192, 8192, 8192, 8192, 8192, 8192, 8192, 8192, 8192, 8192, 8192, 8192, 8192, 8192, 8192, 8192, 8192,
	8192, 8192, 8192, 8192, 8192, 8192, 8192, 8192, 8192, 8192, 8192, 8192, 8192, 8192, 8192, 8192, 8192, 8192,
	8192, 8192, 8192, 8192, 8192, 8192, 8192, 8192, 8192, 8192, 8192, 8192, 8192, 8192, 8192, 8192, 8192, 8192,
	8192, 8192, 8192, 8192, 8192, 8192, 8192, 8192, 8192, 8192, 8192, 8192, 8192, 8192, 8192, 8192, 8192, 8192,
	8192, 8192, 8192, 8192, 8192, 8192, 8192, 8192, 8192, 8192, 8192, 8192, 8192, 8192, 8192, 8192, 8192, 8192,
	8192, 8192, 8192, 8192, 8192, 8192, 8192, 8192, 8192, 8192, 8192, 8192, 8192, 8192, 8192, 8192, 8192, 8192,
	8192, 8192, 8192, 8192, 8192, 8192, 8192, 8192, 8192, 8192, 8192, 8192, 8192, 8192, 8192, 8192, 8192, 8192,
	8192, 8192, 8192, 8192, 8192, 8192, 8192, 8192, 8192, 8192, 8192, 8192, 8192, 8192, 8192, 8192, 8192, 8192,
	8192, 8192, 8192, 8192, 8192, 8192, 8192, 8192, 8192, 8192, 8192, 8192, 8192, 8192, 8192, 8192, 8192, 8192,
	8192, 8192, 8192, 8192, 8192, 8192, 8192, 8192, 8192, 8192, 8192, 8192, 8192, 8192, 8192, 8192, 8192, 8192,
	8192, 8192, 8192, 8192, 8192, 8192, 8192, 8192, 8192, 8192, 8192, 8192, 8192, 8192, 8192, 8192, 8192, 8192,
	8192, 8192, 8192, 8192, 8192, 8192, 8192, 8192, 8192, 8192, 8192, 8192, 8192, 8192, 8192, 8192, 8192, 8192,
	8192, 8192, 8192, 8192, 8192, 8192, 8192, 8192, 8192, 8192, 8192, 8192, 8192, 8192, 8192, 8192, 8192, 8192,
	8192, 8192, 8192, 8192, 8192, 8192, 8192, 8192, 8192, 8192, 8192, 8192, 8192, 8192, 8192, 8192, 8192, 8192,
	8192, 8192, 8192, 8192, 8192, 8192, 8192, 8192, 8192, 8192, 8192, 8192, 8192, 8192, 8192, 8192, 8192, 8192,
	8192, 8192, 8192, 8192, 8192, 8192, 8192, 8192, 8192, 8192, 8192, 8192, 8192, 8192, 8192, 8192, 8192, 8192,
	8192, 8192, 8192, 8192, 8192, 8192, 8192, 8192, 8192, 8192, 8192, 8192, 8192, 8192, 8192, 8192, 8192, 8192,
	8192, 8192, 8192, 8192, 8192, 8192, 8192, 8192, 8192, 8192, 8192, 8192, 8192, 8192, 8192, 8192, 8192, 8192,
	8192, 8192, 8192, 8192, 8192, 8192, 8192, 8192, 8192, 8192, 8192, 8192, 8192, 8192, 8192, 8192, 8192, 8192,
	8192, 8192, 8192, 8192, 8192, 8192, 8192, 8192, 8192, 8192, 8192, 8192, 8192, 8192, 8192, 8192, 8192, 8192,
	8192, 8192, 8192, 8192, 8192, 8192, 8192, 8192, 8192, 8192, 8192, 8192, 8192, 8192, 8192, 8192, 8192, 8192,
	8192, 8192, 8192, 8192, 8192, 8192, 8192, 8192, 8192, 8192, 8192, 8192, 8192, 8192, 8192, 8192, 8192, 8192,
	8192, 8192, 8192, 8192, 8192, 8192, 8192, 8192, 8192, 8192, 8192, 8192, 8192, 8192, 8192, 8192, 8192, 8192,
	8192, 8192, 8192, 8192, 8192, 8192, 8192, 8192, 8192, 8192, 8192, 8192, 8192, 8192, 8192, 8192, 8192, 8192,
}

SHORT_Lower = {
	1250, 1250, 1250, 1250, 1250, 1250, 1250, 1250, 1250, 1250, 1250, 1250, 1250, 1250, 1250, 1250, 1250, 1250,
	1250, 1250, 1250, 1250, 1250, 1250, 1250, 1250, 1250, 1250, 1250, 1250, 1250, 1250, 1250, 1250, 1250, 1250,
	1250, 1250, 1250, 1250, 1250, 1250, 1250, 1250, 1250, 1250, 1250, 1250, 1250, 1250, 1250, 1250, 1250, 1250,
	1250, 1250, 1250, 1250, 1250, 1250, 1250, 1250, 1250, 1250, 1250, 1250, 1250, 1250, 1250, 1250, 1250, 1250,
	1250, 1250, 1250, 1250, 1250, 1250, 1250, 1250, 1250, 1250, 1250, 1250, 1250, 1250, 1250, 1250, 1250, 1250,
	1250, 1250, 1250, 1250, 1250, 1250, 1250, 1250, 1250, 1250, 1250, 1250, 1250, 1250, 1250, 1250, 1250, 1250,
	1250, 1250, 1250, 1250, 1250, 1250, 1250, 1250, 1250, 1250, 1250, 1250, 1250, 1250, 1250, 1250, 1250, 1250,
	1250, 1250, 1250, 1250, 1250, 1250, 1250, 1250, 1250, 1250, 1250, 1250, 1250, 1250, 1250, 1250, 1250, 1250,
	1250, 1250, 1250, 1250, 1250, 1250, 1250, 1250, 1250, 1250, 1250, 1250, 1250, 1250, 1250, 1250, 1250, 1250,
	1250, 1250, 1250, 1250, 1250, 1250, 1250, 1250, 1250, 1250, 1250, 1250, 1250, 1250, 1250, 1250, 1250, 1250,
	1250, 1250, 1250, 1250, 1250, 1250, 1250, 1250, 1250, 1250, 1250, 1250, 1250, 1250, 1250, 1250, 1250, 1250,
	1250, 1250, 1250, 1250, 1250, 1250, 1250, 1250, 1250, 1250, 1250, 1250, 1250, 1250, 1250, 1250, 1250, 1250,
	1250, 1250, 1250, 1250, 1250, 1250, 1250, 1250, 1250, 1250, 1250, 1250, 1250, 1250, 1250, 1250, 1250, 1250,
	1250, 1250, 1250, 1250, 1250, 1250, 1250, 1250, 1250, 1250, 1250, 1250, 1250, 1250, 1250, 1250, 1250, 1250,
	1250, 1250, 1250, 1250, 1250, 1250, 1250, 1250, 1250, 1250, 1250, 1250, 1250, 1250, 1250, 1250, 1250, 1250,
	1250, 1250, 1250, 1250, 1250, 1250, 1250, 1250, 1250, 1250, 1250, 1250, 1250, 1250, 1250, 1250, 1250, 1250,
	1250, 1250, 1250, 1250, 1250, 1250, 1250, 1250, 1250, 1250, 1250, 1250, 1250, 1250, 1250, 1250, 1250, 1250,
	1250, 1250, 1250, 1250, 1250, 1250, 1250, 1250, 1250, 1250, 1250, 1250, 1250, 1250, 1250, 1250, 1250, 1250,
	1250, 1250, 1250, 1250, 1250, 1250, 1250, 1250, 1250, 1250, 1250, 1250, 1250, 1250, 1250, 1250, 1250, 1250,
	1250, 1250, 1250, 1250, 1250, 1250, 1250, 1250, 1250, 1250, 1250, 1250, 1250, 1250, 1250, 1250, 1250, 1250,
	1250, 1250, 1250, 1250, 1250, 1250, 1250, 1250, 1250, 1250, 1250, 1250, 1250, 1250, 1250, 1250, 1250, 1250,
	1250, 1250, 1250, 1250, 1250, 1250, 1250, 1250, 1250, 1250, 1250, 1250, 1250, 1250, 1250, 1250, 1250, 1250,
	1250, 1250, 1250, 1250, 1250, 1250, 1250, 1250, 1250, 1250, 1250, 1250, 1250, 1250, 1250, 1250, 1250, 1250,
	1250, 1250, 1250, 1250, 1250, 1250, 1250, 1250, 1250, 1250, 1250, 1250, 1250, 1250, 1250, 1250, 1250, 1250,
	1250, 1250, 1250, 1250, 1250, 1250, 1250, 1250, 1250, 1250, 1250, 1250, 1250, 1250, 1250, 1250, 1250, 1250,
	1250, 1250, 1250, 1250, 1250, 1250, 1250, 1250, 1250, 1250, 1250, 1250, 1250, 1250, 1250, 1250, 1250, 1250,
	1250, 1250, 1250, 1250, 1250, 1250, 1250, 1250, 1250, 1250, 1250, 1250, 1250, 1250, 1250, 1250, 1250, 1250,
	1250, 1250, 1250, 1250, 1250, 1250, 1250, 1250, 1250, 1250, 1250, 1250, 1250, 1250, 1250, 1250, 1250, 1250,
	1250, 1250, 1250, 1250, 1250, 1250, 1250, 1250, 1250, 1250, 1250, 1250, 1250, 1250, 1250, 1250, 1250, 1250,
	1250, 1250, 1250, 1250, 1250, 1250, 1250, 1250, 1250, 1250, 1250, 1250, 1250, 1250, 1250, 1250, 1250, 1250,
	1250, 1250, 1250, 1250, 1250, 1250, 1250, 1250, 1250, 1250, 1250, 1250, 1250, 1250, 1250, 1250, 1250, 1250,
	1250, 1250, 1250, 1250, 1250, 1250, 1250, 1250, 1250, 1250, 1250, 1250, 1250, 1250, 1250, 1250, 1250, 1250,
	1250, 1250, 1250, 1250, 1250, 1250, 1250, 1250, 1250, 1250, 1250, 1250, 1250, 1250, 1250, 1250, 1250, 1250,
	1250, 1250, 1250, 1250, 1250, 1250, 1250, 1250, 1250, 1250, 1250, 1250, 1250, 1250, 1250, 1250, 1250, 1250,
	1250, 1250, 1250, 1250, 1250, 1250, 1250, 1250, 1250, 1250, 1250, 1250, 1250, 1250, 1250, 1250, 1250, 1250,
	1250, 1250, 1250, 1250, 1250, 1250, 1250, 1250, 1250, 1250, 1250, 1250, 1250, 1250, 1250, 1250, 1250, 1250,
	1250, 1250, 1250, 1250, 1250, 1250, 1250, 1250, 1250, 1250, 1250, 1250, 1250, 1250, 1250, 1250, 1250, 1250,
	1250, 1250, 1250, 1250, 1250, 1250, 1250, 1250, 1250, 1250, 1250, 1250, 1250, 1250, 1250, 1250, 1250, 1250,
}

SHORT_Upper = {
	2350, 2350, 2350, 2350, 2350, 2350, 2350, 2350, 2350, 2350, 2350, 2350, 2350, 2350, 2350, 2350, 2350, 2350,
	2350, 2350, 2350, 2350, 2350, 2350, 2350, 2350, 2350, 2350, 2350, 2350, 2350, 2350, 2350, 2350, 2350, 2350,
	2350, 2350, 2350, 2350, 2350, 2350, 2350, 2350, 2350, 2350, 2350, 2350, 2350, 2350, 2350, 2350, 2350, 2350,
	2350, 2350, 2350, 2350, 2350, 2350, 2350, 2350, 2350, 2350, 2350, 2350, 2350, 2350, 2350, 2350, 2350, 2350,
	2350, 2350, 2350, 2350, 2350, 2350, 2350, 2350, 2350, 2350, 2350, 2350, 2350, 2350, 2350, 2350, 2350, 2350,
	2350, 2350, 2350, 2350, 2350, 2350, 2350, 2350, 2350, 2350, 2350, 2350, 2350, 2350, 2350, 2350, 2350, 2350,
	2350, 2350, 2350, 2350, 2350, 2350, 2350, 2350, 2350, 2350, 2350, 2350, 2350, 2350, 2350, 2350, 2350, 2350,
	2350, 2350, 2350, 2350, 2350, 2350, 2350, 2350, 2350, 2350, 2350, 2350, 2350, 2350, 2350, 2350, 2350, 2350,
	2350, 2350, 2350, 2350, 2350, 2350, 2350, 2350, 2350, 2350, 2350, 2350, 2350, 2350, 2350, 2350, 2350, 2350,
	2350, 2350, 2350, 2350, 2350, 2350, 2350, 2350, 2350, 2350, 2350, 2350, 2350, 2350, 2350, 2350, 2350, 2350,
	2350, 2350, 2350, 2350, 2350, 2350, 2350, 2350, 2350, 2350, 2350, 2350, 2350, 2350, 2350, 2350, 2350, 2350,
	2350, 2350, 2350, 2350, 2350, 2350, 2350, 2350, 2350, 2350, 2350, 2350, 2350, 2350, 2350, 2350, 2350, 2350,
	2350, 2350, 2350, 2350, 2350, 2350, 2350, 2350, 2350, 2350, 2350, 2350, 2350, 2350, 2350, 2350, 2350, 2350,
	2350, 2350, 2350, 2350, 2350, 2350, 2350, 2350, 2350, 2350, 2350, 2350, 2350, 2350, 2350, 2350, 2350, 2350,
	2350, 2350, 2350, 2350, 2350, 2350, 2350, 2350, 2350, 2350, 2350, 2350, 2350, 2350, 2350, 2350, 2350, 2350,
	2350, 2350, 2350, 2350, 2350, 2350, 2350, 2350, 2350, 2350, 2350, 2350, 2350, 2350, 2350, 2350, 2350, 2350,
	2350, 2350, 2350, 2350, 2350, 2350, 2350, 2350, 2350, 2350, 2350, 2350, 2350, 2350, 2350, 2350, 2350, 2350,
	2350, 2350, 2350, 2350, 2350, 2350, 2350, 2350, 2350, 2350, 2350, 2350, 2350, 2350, 2350, 2350, 2350, 2350,
	2350, 2350, 2350, 2350, 2350, 2350, 2350, 2350, 2350, 2350, 2350, 2350, 2350, 2350, 2350, 2350, 2350, 2350,
	2350, 2350, 2350, 2350, 2350, 2350, 2350, 2350, 2350, 2350, 2350, 2350, 2350, 2350, 2350, 2350, 2350, 2350,
	2350, 2350, 2350, 2350, 2350, 2350, 2350, 2350, 2350, 2350, 2350, 2350, 2350, 2350, 2350, 2350, 2350, 2350,
	2350, 2350, 2350, 2350, 2350, 2350, 2350, 2350, 2350, 2350, 2350, 2350, 2350, 2350, 2350, 2350, 2350, 2350,
	2350, 2350, 2350, 2350, 2350, 2350, 2350, 2350, 2350, 2350, 2350, 2350, 2350, 2350, 2350, 2350, 2350, 2350,
	2350, 2350, 2350, 2350, 2350, 2350, 2350, 2350, 2350, 2350, 2350, 2350, 2350, 2350, 2350, 2350, 2350, 2350,
	2350, 2350, 2350, 2350, 2350, 2350, 2350, 2350, 2350, 2350, 2350, 2350, 2350, 2350, 2350, 2350, 2350, 2350,
	2350, 2350, 2350, 2350, 2350, 2350, 2350, 2350, 2350, 2350, 2350, 2350, 2350, 2350, 2350, 2350, 2350, 2350,
	2350, 2350, 2350, 2350, 2350, 2350, 2350, 2350, 2350, 2350, 2350, 2350, 2350, 2350, 2350, 2350, 2350, 2350,
	2350, 2350, 2350, 2350, 2350, 2350, 2350, 2350, 2350, 2350, 2350, 2350, 2350, 2350, 2350, 2350, 2350, 2350,
	2350, 2350, 2350, 2350, 2350, 2350, 2350, 2350, 2350, 2350, 2350, 2350, 2350, 2350, 2350, 2350, 2350, 2350,
	2350, 2350, 2350, 2350, 2350, 2350, 2350, 2350, 2350, 2350, 2350, 2350, 2350, 2350, 2350, 2350, 2350, 2350,
	2350, 2350, 2350, 2350, 2350, 2350, 2350, 2350, 2350, 2350, 2350, 2350, 2350, 2350, 2350, 2350, 2350, 2350,
	2350, 2350, 2350, 2350, 2350, 2350, 2350, 2350, 2350, 2350, 2350, 2350, 2350, 2350, 2350, 2350, 2350, 2350,
	2350, 2350, 2350, 2350, 2350, 2350, 2350, 2350, 2350, 2350, 2350, 2350, 2350, 2350, 2350, 2350, 2350, 2350,
	2350, 2350, 2350, 2350, 2350, 2350, 2350, 2350, 2350, 2350, 2350, 2350, 2350, 2350, 2350, 2350, 2350, 2350,
	2350, 2350, 2350, 2350, 2350, 2350, 2350, 2350, 2350, 2350, 2350, 2350, 2350, 2350, 2350, 2350, 2350, 2350,
	2350, 2350, 2350, 2350, 2350, 2350, 2350, 2350, 2350, 2350, 2350, 2350, 2350, 2350, 2350, 2350, 2350, 2350,
	2350, 2350, 2350, 2350, 2350, 2350, 2350, 2350, 2350, 2350, 2350, 2350, 2350, 2350, 2350, 2350, 2350, 2350,
	2350, 2350, 2350, 2350, 2350, 2350, 2350, 2350, 2350, 2350, 2350, 2350, 2350, 2350, 2350, 2350, 2350, 2350,
}

U3_M2_Lower = {
	4450, 4450, 4450, 4450, 4450, 4450, 4450, 4450, 4450, 4450, 4450, 4450, 4450, 4450, 4450, 4450, 4450, 4450,
	4450, 4450, 4450, 4450, 4450, 4450, 4450, 4450, 4450, 4450, 4450, 4450, 4450, 4450, 4450, 4450, 4450, 4450,
	4450, 4450, 4450, 4450, 4450, 4450, 4450, 4450, 4450, 4450, 4450, 4450, 4450, 4450, 4450, 4450, 4450, 4450,
	4450, 4450, 4450, 4450, 4450, 4450, 4450, 4450, 4450, 4450, 4450, 4450, 4450, 4450, 4450, 4450, 4450, 4450,
	4450, 4450, 4450, 4450, 4450, 4450, 4450, 4450, 4450, 4450, 4450, 4450, 4450, 4450, 4450, 4450, 4450, 4450,
	4450, 4450, 4450, 4450, 4450, 4450, 4450, 4450, 4450, 4450, 4450, 4450, 4450, 4450, 4450, 4450, 4450, 4450,
	4450, 4450, 4450, 4450, 4450, 4450, 4450, 4450, 4450, 4450, 4450, 4450, 4450, 4450, 4450, 4450, 4450, 4450,
	4450, 4450, 4450, 4450, 4450, 4450, 4450, 4450, 4450, 4450, 4450, 4450, 4450, 4450, 4450, 4450, 4450, 4450,
	4450, 4450, 4450, 4450, 4450, 4450, 4450, 4450, 4450, 4450, 4450, 4450, 4450, 4450, 4450, 4450, 4450, 4450,
	4450, 4450, 4450, 4450, 4450, 4450, 4450, 4450, 4450, 4450, 4450, 4450, 4450, 4450, 4450, 4450, 4450, 4450,
	4450, 4450, 4450, 4450, 4450, 4450, 4450, 4450, 4450, 4450, 4450, 4450, 4450, 4450, 4450, 4450, 4450, 4450,
	4450, 4450, 4450, 4450, 4450, 4450, 4450, 4450, 4450, 4450, 4450, 4450, 4450, 4450, 4450, 4450, 4450, 4450,
	4450, 4450, 4450, 4450, 4450, 4450, 4450, 4450, 4450, 4450, 4450, 4450, 4450, 4450, 4450, 4450, 4450, 4450,
	4450, 4450, 4450, 4450, 4450, 4450, 4450, 4450, 4450, 4450, 4450, 4450, 4450, 4450, 4450, 4450, 4450, 4450,
	4450, 4450, 4450, 4450, 4450, 4450, 4450, 4450, 4450, 4450, 4450, 4450, 4450, 4450, 4450, 4450, 4450, 4450,
	4450, 4450, 4450, 4450, 4450, 4450, 4450, 4450, 4450, 4450, 4450, 4450, 4450, 4450, 4450, 4450, 4450, 4450,
	4450, 4450, 4450, 4450, 4450, 4450, 4450, 4450, 4450, 4450, 4450, 4450, 4450, 4450, 4450, 4450, 4450, 4450,
	4450, 4450, 4450, 4450, 4450, 4450, 4450, 4450, 4450, 4450, 4450, 4450, 4450, 4450, 4450, 4450, 4450, 4450,
	4450, 4450, 4450, 4450, 4450, 4450, 4450, 4450, 4450, 4450, 4450, 4450, 4450, 4450, 4450, 4450, 4450, 4450,
	4450, 4450, 4450, 4450, 4450, 4450, 4450, 4450, 4450, 4450, 4450, 4450, 4450, 4450, 4450, 4450, 4450, 4450,
	4450, 4450, 4450, 4450, 4450, 4450, 4450, 4450, 4450, 4450, 4450, 4450, 4450, 4450, 4450, 4450, 4450, 4450,
	4450, 4450, 4450, 4450, 4450, 4450, 4450, 4450, 4450, 4450, 4450, 4450, 4450, 4450, 4450, 4450, 4450, 4450,
	4450, 4450, 4450, 4450, 4450, 4450, 4450, 4450, 4450, 4450, 4450, 4450, 4450, 4450, 4450, 4450, 4450, 4450,
	4450, 4450, 4450, 4450, 4450, 4450, 4450, 4450, 4450, 4450, 4450, 4450, 4450, 4450, 4450, 4450, 4450, 4450,
	4450, 4450, 4450, 4450, 4450, 4450, 4450, 4450, 4450, 4450, 4450, 4450, 4450, 4450, 4450, 4450, 4450, 4450,
	4450, 4450, 4450, 4450, 4450, 4450, 4450, 4450, 4450, 4450, 4450, 4450, 4450, 4450, 4450, 4450, 4450, 4450,
	4450, 4450, 4450, 4450, 4450, 4450, 4450, 4450, 4450, 4450, 4450, 4450, 4450, 4450, 4450, 4450, 4450, 4450,
	4450, 4450, 4450, 4450, 4450, 4450, 4450, 4450, 4450, 4450, 4450, 4450, 4450, 4450, 4450, 4450, 4450, 4450,
	4450, 4450, 4450, 4450, 4450, 4450, 4450, 4450, 4450, 4450, 4450, 4450, 4450, 4450, 4450, 4450, 4450, 4450,
	4450, 4450, 4450, 4450, 4450, 4450, 4450, 4450, 4450, 4450, 4450, 4450, 4450, 4450, 4450, 4450, 4450, 4450,
	4450, 4450, 4450, 4450, 4450, 4450, 4450, 4450, 4450, 4450, 4450, 4450, 4450, 4450, 4450, 4450, 4450, 4450,
	4450, 4450, 4450, 4450, 4450, 4450, 4450, 4450, 4450, 4450, 4450, 4450, 4450, 4450, 4450, 4450, 4450, 4450,
	4450, 4450, 4450, 4450, 4450, 4450, 4450, 4450, 4450, 4450, 4450, 4450, 4450, 4450, 4450, 4450, 4450, 4450,
	4450, 4450, 4450, 4450, 4450, 4450, 4450, 4450, 4450, 4450, 4450, 4450, 4450, 4450, 4450, 4450, 4450, 4450,
	4450, 4450, 4450, 4450, 4450, 4450, 4450, 4450, 4450, 4450, 4450, 4450, 4450, 4450, 4450, 4450, 4450, 4450,
	4450, 4450, 4450, 4450, 4450, 4450, 4450, 4450, 4450, 4450, 4450, 4450, 4450, 4450, 4450, 4450, 4450, 4450,
}
U3_M2_Upper = {
	5650, 5650, 5650, 5650, 5650, 5650, 5650, 5650, 5650, 5650, 5650, 5650, 5650, 5650, 5650, 5650, 5650, 5650,
	5650, 5650, 5650, 5650, 5650, 5650, 5650, 5650, 5650, 5650, 5650, 5650, 5650, 5650, 5650, 5650, 5650, 5650,
	5650, 5650, 5650, 5650, 5650, 5650, 5650, 5650, 5650, 5650, 5650, 5650, 5650, 5650, 5650, 5650, 5650, 5650,
	5650, 5650, 5650, 5650, 5650, 5650, 5650, 5650, 5650, 5650, 5650, 5650, 5650, 5650, 5650, 5650, 5650, 5650,
	5650, 5650, 5650, 5650, 5650, 5650, 5650, 5650, 5650, 5650, 5650, 5650, 5650, 5650, 5650, 5650, 5650, 5650,
	5650, 5650, 5650, 5650, 5650, 5650, 5650, 5650, 5650, 5650, 5650, 5650, 5650, 5650, 5650, 5650, 5650, 5650,
	5650, 5650, 5650, 5650, 5650, 5650, 5650, 5650, 5650, 5650, 5650, 5650, 5650, 5650, 5650, 5650, 5650, 5650,
	5650, 5650, 5650, 5650, 5650, 5650, 5650, 5650, 5650, 5650, 5650, 5650, 5650, 5650, 5650, 5650, 5650, 5650,
	5650, 5650, 5650, 5650, 5650, 5650, 5650, 5650, 5650, 5650, 5650, 5650, 5650, 5650, 5650, 5650, 5650, 5650,
	5650, 5650, 5650, 5650, 5650, 5650, 5650, 5650, 5650, 5650, 5650, 5650, 5650, 5650, 5650, 5650, 5650, 5650,
	5650, 5650, 5650, 5650, 5650, 5650, 5650, 5650, 5650, 5650, 5650, 5650, 5650, 5650, 5650, 5650, 5650, 5650,
	5650, 5650, 5650, 5650, 5650, 5650, 5650, 5650, 5650, 5650, 5650, 5650, 5650, 5650, 5650, 5650, 5650, 5650,
	5650, 5650, 5650, 5650, 5650, 5650, 5650, 5650, 5650, 5650, 5650, 5650, 5650, 5650, 5650, 5650, 5650, 5650,
	5650, 5650, 5650, 5650, 5650, 5650, 5650, 5650, 5650, 5650, 5650, 5650, 5650, 5650, 5650, 5650, 5650, 5650,
	5650, 5650, 5650, 5650, 5650, 5650, 5650, 5650, 5650, 5650, 5650, 5650, 5650, 5650, 5650, 5650, 5650, 5650,
	5650, 5650, 5650, 5650, 5650, 5650, 5650, 5650, 5650, 5650, 5650, 5650, 5650, 5650, 5650, 5650, 5650, 5650,
	5650, 5650, 5650, 5650, 5650, 5650, 5650, 5650, 5650, 5650, 5650, 5650, 5650, 5650, 5650, 5650, 5650, 5650,
	5650, 5650, 5650, 5650, 5650, 5650, 5650, 5650, 5650, 5650, 5650, 5650, 5650, 5650, 5650, 5650, 5650, 5650,
	5650, 5650, 5650, 5650, 5650, 5650, 5650, 5650, 5650, 5650, 5650, 5650, 5650, 5650, 5650, 5650, 5650, 5650,
	5650, 5650, 5650, 5650, 5650, 5650, 5650, 5650, 5650, 5650, 5650, 5650, 5650, 5650, 5650, 5650, 5650, 5650,
	5650, 5650, 5650, 5650, 5650, 5650, 5650, 5650, 5650, 5650, 5650, 5650, 5650, 5650, 5650, 5650, 5650, 5650,
	5650, 5650, 5650, 5650, 5650, 5650, 5650, 5650, 5650, 5650, 5650, 5650, 5650, 5650, 5650, 5650, 5650, 5650,
	5650, 5650, 5650, 5650, 5650, 5650, 5650, 5650, 5650, 5650, 5650, 5650, 5650, 5650, 5650, 5650, 5650, 5650,
	5650, 5650, 5650, 5650, 5650, 5650, 5650, 5650, 5650, 5650, 5650, 5650, 5650, 5650, 5650, 5650, 5650, 5650,
	5650, 5650, 5650, 5650, 5650, 5650, 5650, 5650, 5650, 5650, 5650, 5650, 5650, 5650, 5650, 5650, 5650, 5650,
	5650, 5650, 5650, 5650, 5650, 5650, 5650, 5650, 5650, 5650, 5650, 5650, 5650, 5650, 5650, 5650, 5650, 5650,
	5650, 5650, 5650, 5650, 5650, 5650, 5650, 5650, 5650, 5650, 5650, 5650, 5650, 5650, 5650, 5650, 5650, 5650,
	5650, 5650, 5650, 5650, 5650, 5650, 5650, 5650, 5650, 5650, 5650, 5650, 5650, 5650, 5650, 5650, 5650, 5650,
	5650, 5650, 5650, 5650, 5650, 5650, 5650, 5650, 5650, 5650, 5650, 5650, 5650, 5650, 5650, 5650, 5650, 5650,
	5650, 5650, 5650, 5650, 5650, 5650, 5650, 5650, 5650, 5650, 5650, 5650, 5650, 5650, 5650, 5650, 5650, 5650,
	5650, 5650, 5650, 5650, 5650, 5650, 5650, 5650, 5650, 5650, 5650, 5650, 5650, 5650, 5650, 5650, 5650, 5650,
	5650, 5650, 5650, 5650, 5650, 5650, 5650, 5650, 5650, 5650, 5650, 5650, 5650, 5650, 5650, 5650, 5650, 5650,
	5650, 5650, 5650, 5650, 5650, 5650, 5650, 5650, 5650, 5650, 5650, 5650, 5650, 5650, 5650, 5650, 5650, 5650,
	5650, 5650, 5650, 5650, 5650, 5650, 5650, 5650, 5650, 5650, 5650, 5650, 5650, 5650, 5650, 5650, 5650, 5650,
	5650, 5650, 5650, 5650, 5650, 5650, 5650, 5650, 5650, 5650, 5650, 5650, 5650, 5650, 5650, 5650, 5650, 5650,
	5650, 5650, 5650, 5650, 5650, 5650, 5650, 5650, 5650, 5650, 5650, 5650, 5650, 5650, 5650, 5650, 5650, 5650,
}
U3_M2_JITTER_Lower = {
	0, 0, 0, 0, 0, 0, 0, 0, 0, 0, 0, 0, 0, 0, 0, 0, 0, 0,
	0, 0, 0, 0, 0, 0, 0, 0, 0, 0, 0, 0, 0, 0, 0, 0, 0, 0,
	0, 0, 0, 0, 0, 0, 0, 0, 0, 0, 0, 0, 0, 0, 0, 0, 0, 0,
	0, 0, 0, 0, 0, 0, 0, 0, 0, 0, 0, 0, 0, 0, 0, 0, 0, 0,
	0, 0, 0, 0, 0, 0, 0, 0, 0, 0, 0, 0, 0, 0, 0, 0, 0, 0,
	0, 0, 0, 0, 0, 0, 0, 0, 0, 0, 0, 0, 0, 0, 0, 0, 0, 0,
	0, 0, 0, 0, 0, 0, 0, 0, 0, 0, 0, 0, 0, 0, 0, 0, 0, 0,
	0, 0, 0, 0, 0, 0, 0, 0, 0, 0, 0, 0, 0, 0, 0, 0, 0, 0,
	0, 0, 0, 0, 0, 0, 0, 0, 0, 0, 0, 0, 0, 0, 0, 0, 0, 0,
	0, 0, 0, 0, 0, 0, 0, 0, 0, 0, 0, 0, 0, 0, 0, 0, 0, 0,
	0, 0, 0, 0, 0, 0, 0, 0, 0, 0, 0, 0, 0, 0, 0, 0, 0, 0,
	0, 0, 0, 0, 0, 0, 0, 0, 0, 0, 0, 0, 0, 0, 0, 0, 0, 0,
	0, 0, 0, 0, 0, 0, 0, 0, 0, 0, 0, 0, 0, 0, 0, 0, 0, 0,
	0, 0, 0, 0, 0, 0, 0, 0, 0, 0, 0, 0, 0, 0, 0, 0, 0, 0,
	0, 0, 0, 0, 0, 0, 0, 0, 0, 0, 0, 0, 0, 0, 0, 0, 0, 0,
	0, 0, 0, 0, 0, 0, 0, 0, 0, 0, 0, 0, 0, 0, 0, 0, 0, 0,
	0, 0, 0, 0, 0, 0, 0, 0, 0, 0, 0, 0, 0, 0, 0, 0, 0, 0,
	0, 0, 0, 0, 0, 0, 0, 0, 0, 0, 0, 0, 0, 0, 0, 0, 0, 0,
	0, 0, 0, 0, 0, 0, 0, 0, 0, 0, 0, 0, 0, 0, 0, 0, 0, 0,
	0, 0, 0, 0, 0, 0, 0, 0, 0, 0, 0, 0, 0, 0, 0, 0, 0, 0,
	0, 0, 0, 0, 0, 0, 0, 0, 0, 0, 0, 0, 0, 0, 0, 0, 0, 0,
	0, 0, 0, 0, 0, 0, 0, 0, 0, 0, 0, 0, 0, 0, 0, 0, 0, 0,
	0, 0, 0, 0, 0, 0, 0, 0, 0, 0, 0, 0, 0, 0, 0, 0, 0, 0,
	0, 0, 0, 0, 0, 0, 0, 0, 0, 0, 0, 0, 0, 0, 0, 0, 0, 0,
	0, 0, 0, 0, 0, 0, 0, 0, 0, 0, 0, 0, 0, 0, 0, 0, 0, 0,
	0, 0, 0, 0, 0, 0, 0, 0, 0, 0, 0, 0, 0, 0, 0, 0, 0, 0,
	0, 0, 0, 0, 0, 0, 0, 0, 0, 0, 0, 0, 0, 0, 0, 0, 0, 0,
	0, 0, 0, 0, 0, 0, 0, 0, 0, 0, 0, 0, 0, 0, 0, 0, 0, 0,
	0, 0, 0, 0, 0, 0, 0, 0, 0, 0, 0, 0, 0, 0, 0, 0, 0, 0,
	0, 0, 0, 0, 0, 0, 0, 0, 0, 0, 0, 0, 0, 0, 0, 0, 0, 0,
	0, 0, 0, 0, 0, 0, 0, 0, 0, 0, 0, 0, 0, 0, 0, 0, 0, 0,
	0, 0, 0, 0, 0, 0, 0, 0, 0, 0, 0, 0, 0, 0, 0, 0, 0, 0,
	0, 0, 0, 0, 0, 0, 0, 0, 0, 0, 0, 0, 0, 0, 0, 0, 0, 0,
	0, 0, 0, 0, 0, 0, 0, 0, 0, 0, 0, 0, 0, 0, 0, 0, 0, 0,
	0, 0, 0, 0, 0, 0, 0, 0, 0, 0, 0, 0, 0, 0, 0, 0, 0, 0,
	0, 0, 0, 0, 0, 0, 0, 0, 0, 0, 0, 0, 0, 0, 0, 0, 0, 0,
}
U3_M2_JITTER_Upper = {
	55, 55, 55, 55, 55, 55, 55, 55, 55, 55, 55, 55, 55, 55, 55, 55, 55, 55,
	55, 55, 55, 55, 55, 55, 55, 55, 55, 55, 55, 55, 55, 55, 55, 55, 55, 55,
	55, 55, 55, 55, 55, 55, 55, 55, 55, 55, 55, 55, 55, 55, 55, 55, 55, 55,
	55, 55, 55, 55, 55, 55, 55, 55, 55, 55, 55, 55, 55, 55, 55, 55, 55, 55,
	55, 55, 55, 55, 55, 55, 55, 55, 55, 55, 55, 55, 55, 55, 55, 55, 55, 55,
	55, 55, 55, 55, 55, 55, 55, 55, 55, 55, 55, 55, 55, 55, 55, 55, 55, 55,
	55, 55, 55, 55, 55, 55, 55, 55, 55, 55, 55, 55, 55, 55, 55, 55, 55, 55,
	55, 55, 55, 55, 55, 55, 55, 55, 55, 55, 55, 55, 55, 55, 55, 55, 55, 55,
	55, 55, 55, 55, 55, 55, 55, 55, 55, 55, 55, 55, 55, 55, 55, 55, 55, 55,
	55, 55, 55, 55, 55, 55, 55, 55, 55, 55, 55, 55, 55, 55, 55, 55, 55, 55,
	55, 55, 55, 55, 55, 55, 55, 55, 55, 55, 55, 55, 55, 55, 55, 55, 55, 55,
	55, 55, 55, 55, 55, 55, 55, 55, 55, 55, 55, 55, 55, 55, 55, 55, 55, 55,
	55, 55, 55, 55, 55, 55, 55, 55, 55, 55, 55, 55, 55, 55, 55, 55, 55, 55,
	55, 55, 55, 55, 55, 55, 55, 55, 55, 55, 55, 55, 55, 55, 55, 55, 55, 55,
	55, 55, 55, 55, 55, 55, 55, 55, 55, 55, 55, 55, 55, 55, 55, 55, 55, 55,
	55, 55, 55, 55, 55, 55, 55, 55, 55, 55, 55, 55, 55, 55, 55, 55, 55, 55,
	55, 55, 55, 55, 55, 55, 55, 55, 55, 55, 55, 55, 55, 55, 55, 55, 55, 55,
	55, 55, 55, 55, 55, 55, 55, 55, 55, 55, 55, 55, 55, 55, 55, 55, 55, 55,
	55, 55, 55, 55, 55, 55, 55, 55, 55, 55, 55, 55, 55, 55, 55, 55, 55, 55,
	55, 55, 55, 55, 55, 55, 55, 55, 55, 55, 55, 55, 55, 55, 55, 55, 55, 55,
	55, 55, 55, 55, 55, 55, 55, 55, 55, 55, 55, 55, 55, 55, 55, 55, 55, 55,
	55, 55, 55, 55, 55, 55, 55, 55, 55, 55, 55, 55, 55, 55, 55, 55, 55, 55,
	55, 55, 55, 55, 55, 55, 55, 55, 55, 55, 55, 55, 55, 55, 55, 55, 55, 55,
	55, 55, 55, 55, 55, 55, 55, 55, 55, 55, 55, 55, 55, 55, 55, 55, 55, 55,
	55, 55, 55, 55, 55, 55, 55, 55, 55, 55, 55, 55, 55, 55, 55, 55, 55, 55,
	55, 55, 55, 55, 55, 55, 55, 55, 55, 55, 55, 55, 55, 55, 55, 55, 55, 55,
	55, 55, 55, 55, 55, 55, 55, 55, 55, 55, 55, 55, 55, 55, 55, 55, 55, 55,
	55, 55, 55, 55, 55, 55, 55, 55, 55, 55, 55, 55, 55, 55, 55, 55, 55, 55,
	55, 55, 55, 55, 55, 55, 55, 55, 55, 55, 55, 55, 55, 55, 55, 55, 55, 55,
	55, 55, 55, 55, 55, 55, 55, 55, 55, 55, 55, 55, 55, 55, 55, 55, 55, 55,
	55, 55, 55, 55, 55, 55, 55, 55, 55, 55, 55, 55, 55, 55, 55, 55, 55, 55,
	55, 55, 55, 55, 55, 55, 55, 55, 55, 55, 55, 55, 55, 55, 55, 55, 55, 55,
	55, 55, 55, 55, 55, 55, 55, 55, 55, 55, 55, 55, 55, 55, 55, 55, 55, 55,
	55, 55, 55, 55, 55, 55, 55, 55, 55, 55, 55, 55, 55, 55, 55, 55, 55, 55,
	55, 55, 55, 55, 55, 55, 55, 55, 55, 55, 55, 55, 55, 55, 55, 55, 55, 55,
	55, 55, 55, 55, 55, 55, 55, 55, 55, 55, 55, 55, 55, 55, 55, 55, 55, 55,
}
U0_M1_Lower = {
	450, 450, 450, 450, 450, 450, 450, 450, 450, 450, 450, 450, 450, 450, 450, 450, 450, 450,
	450, 450, 450, 450, 450, 450, 450, 450, 450, 450, 450, 450, 450, 450, 450, 450, 450, 450,
	450, 450, 450, 450, 450, 450, 450, 450, 450, 450, 450, 450, 450, 450, 450, 450, 450, 450,
	450, 450, 450, 450, 450, 450, 450, 450, 450, 450, 450, 450, 450, 450, 450, 450, 450, 450,
	450, 450, 450, 450, 450, 450, 450, 450, 450, 450, 450, 450, 450, 450, 450, 450, 450, 450,
	450, 450, 450, 450, 450, 450, 450, 450, 450, 450, 450, 450, 450, 450, 450, 450, 450, 450,
	450, 450, 450, 450, 450, 450, 450, 450, 450, 450, 450, 450, 450, 450, 450, 450, 450, 450,
	450, 450, 450, 450, 450, 450, 450, 450, 450, 450, 450, 450, 450, 450, 450, 450, 450, 450,
	450, 450, 450, 450, 450, 450, 450, 450, 450, 450, 450, 450, 450, 450, 450, 450, 450, 450,
	450, 450, 450, 450, 450, 450, 450, 450, 450, 450, 450, 450, 450, 450, 450, 450, 450, 450,
	450, 450, 450, 450, 450, 450, 450, 450, 450, 450, 450, 450, 450, 450, 450, 450, 450, 450,
	450, 450, 450, 450, 450, 450, 450, 450, 450, 450, 450, 450, 450, 450, 450, 450, 450, 450,
	450, 450, 450, 450, 450, 450, 450, 450, 450, 450, 450, 450, 450, 450, 450, 450, 450, 450,
	450, 450, 450, 450, 450, 450, 450, 450, 450, 450, 450, 450, 450, 450, 450, 450, 450, 450,
	450, 450, 450, 450, 450, 450, 450, 450, 450, 450, 450, 450, 450, 450, 450, 450, 450, 450,
	450, 450, 450, 450, 450, 450, 450, 450, 450, 450, 450, 450, 450, 450, 450, 450, 450, 450,
	450, 450, 450, 450, 450, 450, 450, 450, 450, 450, 450, 450, 450, 450, 450, 450, 450, 450,
	450, 450, 450, 450, 450, 450, 450, 450, 450, 450, 450, 450, 450, 450, 450, 450, 450, 450,
	450, 450, 450, 450, 450, 450, 450, 450, 450, 450, 450, 450, 450, 450, 450, 450, 450, 450,
	450, 450, 450, 450, 450, 450, 450, 450, 450, 450, 450, 450, 450, 450, 450, 450, 450, 450,
	450, 450, 450, 450, 450, 450, 450, 450, 450, 450, 450, 450, 450, 450, 450, 450, 450, 450,
	450, 450, 450, 450, 450, 450, 450, 450, 450, 450, 450, 450, 450, 450, 450, 450, 450, 450,
	450, 450, 450, 450, 450, 450, 450, 450, 450, 450, 450, 450, 450, 450, 450, 450, 450, 450,
	450, 450, 450, 450, 450, 450, 450, 450, 450, 450, 450, 450, 450, 450, 450, 450, 450, 450,
	450, 450, 450, 450, 450, 450, 450, 450, 450, 450, 450, 450, 450, 450, 450, 450, 450, 450,
	450, 450, 450, 450, 450, 450, 450, 450, 450, 450, 450, 450, 450, 450, 450, 450, 450, 450,
	450, 450, 450, 450, 450, 450, 450, 450, 450, 450, 450, 450, 450, 450, 450, 450, 450, 450,
	450, 450, 450, 450, 450, 450, 450, 450, 450, 450, 450, 450, 450, 450, 450, 450, 450, 450,
	450, 450, 450, 450, 450, 450, 450, 450, 450, 450, 450, 450, 450, 450, 450, 450, 450, 450,
	450, 450, 450, 450, 450, 450, 450, 450, 450, 450, 450, 450, 450, 450, 450, 450, 450, 450,
	450, 450, 450, 450, 450, 450, 450, 450, 450, 450, 450, 450, 450, 450, 450, 450, 450, 450,
	450, 450, 450, 450, 450, 450, 450, 450, 450, 450, 450, 450, 450, 450, 450, 450, 450, 450,
	450, 450, 450, 450, 450, 450, 450, 450, 450, 450, 450, 450, 450, 450, 450, 450, 450, 450,
	450, 450, 450, 450, 450, 450, 450, 450, 450, 450, 450, 450, 450, 450, 450, 450, 450, 450,
	450, 450, 450, 450, 450, 450, 450, 450, 450, 450, 450, 450, 450, 450, 450, 450, 450, 450,
	450, 450, 450, 450, 450, 450, 450, 450, 450, 450, 450, 450, 450, 450, 450, 450, 450, 450,
}
U0_M1_Upper = {
	1550, 1550, 1550, 1550, 1550, 1550, 1550, 1550, 1550, 1550, 1550, 1550, 1550, 1550, 1550, 1550, 1550, 1550,
	1550, 1550, 1550, 1550, 1550, 1550, 1550, 1550, 1550, 1550, 1550, 1550, 1550, 1550, 1550, 1550, 1550, 1550,
	1550, 1550, 1550, 1550, 1550, 1550, 1550, 1550, 1550, 1550, 1550, 1550, 1550, 1550, 1550, 1550, 1550, 1550,
	1550, 1550, 1550, 1550, 1550, 1550, 1550, 1550, 1550, 1550, 1550, 1550, 1550, 1550, 1550, 1550, 1550, 1550,
	1550, 1550, 1550, 1550, 1550, 1550, 1550, 1550, 1550, 1550, 1550, 1550, 1550, 1550, 1550, 1550, 1550, 1550,
	1550, 1550, 1550, 1550, 1550, 1550, 1550, 1550, 1550, 1550, 1550, 1550, 1550, 1550, 1550, 1550, 1550, 1550,
	1550, 1550, 1550, 1550, 1550, 1550, 1550, 1550, 1550, 1550, 1550, 1550, 1550, 1550, 1550, 1550, 1550, 1550,
	1550, 1550, 1550, 1550, 1550, 1550, 1550, 1550, 1550, 1550, 1550, 1550, 1550, 1550, 1550, 1550, 1550, 1550,
	1550, 1550, 1550, 1550, 1550, 1550, 1550, 1550, 1550, 1550, 1550, 1550, 1550, 1550, 1550, 1550, 1550, 1550,
	1550, 1550, 1550, 1550, 1550, 1550, 1550, 1550, 1550, 1550, 1550, 1550, 1550, 1550, 1550, 1550, 1550, 1550,
	1550, 1550, 1550, 1550, 1550, 1550, 1550, 1550, 1550, 1550, 1550, 1550, 1550, 1550, 1550, 1550, 1550, 1550,
	1550, 1550, 1550, 1550, 1550, 1550, 1550, 1550, 1550, 1550, 1550, 1550, 1550, 1550, 1550, 1550, 1550, 1550,
	1550, 1550, 1550, 1550, 1550, 1550, 1550, 1550, 1550, 1550, 1550, 1550, 1550, 1550, 1550, 1550, 1550, 1550,
	1550, 1550, 1550, 1550, 1550, 1550, 1550, 1550, 1550, 1550, 1550, 1550, 1550, 1550, 1550, 1550, 1550, 1550,
	1550, 1550, 1550, 1550, 1550, 1550, 1550, 1550, 1550, 1550, 1550, 1550, 1550, 1550, 1550, 1550, 1550, 1550,
	1550, 1550, 1550, 1550, 1550, 1550, 1550, 1550, 1550, 1550, 1550, 1550, 1550, 1550, 1550, 1550, 1550, 1550,
	1550, 1550, 1550, 1550, 1550, 1550, 1550, 1550, 1550, 1550, 1550, 1550, 1550, 1550, 1550, 1550, 1550, 1550,
	1550, 1550, 1550, 1550, 1550, 1550, 1550, 1550, 1550, 1550, 1550, 1550, 1550, 1550, 1550, 1550, 1550, 1550,
	1550, 1550, 1550, 1550, 1550, 1550, 1550, 1550, 1550, 1550, 1550, 1550, 1550, 1550, 1550, 1550, 1550, 1550,
	1550, 1550, 1550, 1550, 1550, 1550, 1550, 1550, 1550, 1550, 1550, 1550, 1550, 1550, 1550, 1550, 1550, 1550,
	1550, 1550, 1550, 1550, 1550, 1550, 1550, 1550, 1550, 1550, 1550, 1550, 1550, 1550, 1550, 1550, 1550, 1550,
	1550, 1550, 1550, 1550, 1550, 1550, 1550, 1550, 1550, 1550, 1550, 1550, 1550, 1550, 1550, 1550, 1550, 1550,
	1550, 1550, 1550, 1550, 1550, 1550, 1550, 1550, 1550, 1550, 1550, 1550, 1550, 1550, 1550, 1550, 1550, 1550,
	1550, 1550, 1550, 1550, 1550, 1550, 1550, 1550, 1550, 1550, 1550, 1550, 1550, 1550, 1550, 1550, 1550, 1550,
	1550, 1550, 1550, 1550, 1550, 1550, 1550, 1550, 1550, 1550, 1550, 1550, 1550, 1550, 1550, 1550, 1550, 1550,
	1550, 1550, 1550, 1550, 1550, 1550, 1550, 1550, 1550, 1550, 1550, 1550, 1550, 1550, 1550, 1550, 1550, 1550,
	1550, 1550, 1550, 1550, 1550, 1550, 1550, 1550, 1550, 1550, 1550, 1550, 1550, 1550, 1550, 1550, 1550, 1550,
	1550, 1550, 1550, 1550, 1550, 1550, 1550, 1550, 1550, 1550, 1550, 1550, 1550, 1550, 1550, 1550, 1550, 1550,
	1550, 1550, 1550, 1550, 1550, 1550, 1550, 1550, 1550, 1550, 1550, 1550, 1550, 1550, 1550, 1550, 1550, 1550,
	1550, 1550, 1550, 1550, 1550, 1550, 1550, 1550, 1550, 1550, 1550, 1550, 1550, 1550, 1550, 1550, 1550, 1550,
	1550, 1550, 1550, 1550, 1550, 1550, 1550, 1550, 1550, 1550, 1550, 1550, 1550, 1550, 1550, 1550, 1550, 1550,
	1550, 1550, 1550, 1550, 1550, 1550, 1550, 1550, 1550, 1550, 1550, 1550, 1550, 1550, 1550, 1550, 1550, 1550,
	1550, 1550, 1550, 1550, 1550, 1550, 1550, 1550, 1550, 1550, 1550, 1550, 1550, 1550, 1550, 1550, 1550, 1550,
	1550, 1550, 1550, 1550, 1550, 1550, 1550, 1550, 1550, 1550, 1550, 1550, 1550, 1550, 1550, 1550, 1550, 1550,
	1550, 1550, 1550, 1550, 1550, 1550, 1550, 1550, 1550, 1550, 1550, 1550, 1550, 1550, 1550, 1550, 1550, 1550,
	1550, 1550, 1550, 1550, 1550, 1550, 1550, 1550, 1550, 1550, 1550, 1550, 1550, 1550, 1550, 1550, 1550, 1550,
}
U0_M1_JITTER_Lower = {
	0, 0, 0, 0, 0, 0, 0, 0, 0, 0, 0, 0, 0, 0, 0, 0, 0, 0,
	0, 0, 0, 0, 0, 0, 0, 0, 0, 0, 0, 0, 0, 0, 0, 0, 0, 0,
	0, 0, 0, 0, 0, 0, 0, 0, 0, 0, 0, 0, 0, 0, 0, 0, 0, 0,
	0, 0, 0, 0, 0, 0, 0, 0, 0, 0, 0, 0, 0, 0, 0, 0, 0, 0,
	0, 0, 0, 0, 0, 0, 0, 0, 0, 0, 0, 0, 0, 0, 0, 0, 0, 0,
	0, 0, 0, 0, 0, 0, 0, 0, 0, 0, 0, 0, 0, 0, 0, 0, 0, 0,
	0, 0, 0, 0, 0, 0, 0, 0, 0, 0, 0, 0, 0, 0, 0, 0, 0, 0,
	0, 0, 0, 0, 0, 0, 0, 0, 0, 0, 0, 0, 0, 0, 0, 0, 0, 0,
	0, 0, 0, 0, 0, 0, 0, 0, 0, 0, 0, 0, 0, 0, 0, 0, 0, 0,
	0, 0, 0, 0, 0, 0, 0, 0, 0, 0, 0, 0, 0, 0, 0, 0, 0, 0,
	0, 0, 0, 0, 0, 0, 0, 0, 0, 0, 0, 0, 0, 0, 0, 0, 0, 0,
	0, 0, 0, 0, 0, 0, 0, 0, 0, 0, 0, 0, 0, 0, 0, 0, 0, 0,
	0, 0, 0, 0, 0, 0, 0, 0, 0, 0, 0, 0, 0, 0, 0, 0, 0, 0,
	0, 0, 0, 0, 0, 0, 0, 0, 0, 0, 0, 0, 0, 0, 0, 0, 0, 0,
	0, 0, 0, 0, 0, 0, 0, 0, 0, 0, 0, 0, 0, 0, 0, 0, 0, 0,
	0, 0, 0, 0, 0, 0, 0, 0, 0, 0, 0, 0, 0, 0, 0, 0, 0, 0,
	0, 0, 0, 0, 0, 0, 0, 0, 0, 0, 0, 0, 0, 0, 0, 0, 0, 0,
	0, 0, 0, 0, 0, 0, 0, 0, 0, 0, 0, 0, 0, 0, 0, 0, 0, 0,
	0, 0, 0, 0, 0, 0, 0, 0, 0, 0, 0, 0, 0, 0, 0, 0, 0, 0,
	0, 0, 0, 0, 0, 0, 0, 0, 0, 0, 0, 0, 0, 0, 0, 0, 0, 0,
	0, 0, 0, 0, 0, 0, 0, 0, 0, 0, 0, 0, 0, 0, 0, 0, 0, 0,
	0, 0, 0, 0, 0, 0, 0, 0, 0, 0, 0, 0, 0, 0, 0, 0, 0, 0,
	0, 0, 0, 0, 0, 0, 0, 0, 0, 0, 0, 0, 0, 0, 0, 0, 0, 0,
	0, 0, 0, 0, 0, 0, 0, 0, 0, 0, 0, 0, 0, 0, 0, 0, 0, 0,
	0, 0, 0, 0, 0, 0, 0, 0, 0, 0, 0, 0, 0, 0, 0, 0, 0, 0,
	0, 0, 0, 0, 0, 0, 0, 0, 0, 0, 0, 0, 0, 0, 0, 0, 0, 0,
	0, 0, 0, 0, 0, 0, 0, 0, 0, 0, 0, 0, 0, 0, 0, 0, 0, 0,
	0, 0, 0, 0, 0, 0, 0, 0, 0, 0, 0, 0, 0, 0, 0, 0, 0, 0,
	0, 0, 0, 0, 0, 0, 0, 0, 0, 0, 0, 0, 0, 0, 0, 0, 0, 0,
	0, 0, 0, 0, 0, 0, 0, 0, 0, 0, 0, 0, 0, 0, 0, 0, 0, 0,
	0, 0, 0, 0, 0, 0, 0, 0, 0, 0, 0, 0, 0, 0, 0, 0, 0, 0,
	0, 0, 0, 0, 0, 0, 0, 0, 0, 0, 0, 0, 0, 0, 0, 0, 0, 0,
	0, 0, 0, 0, 0, 0, 0, 0, 0, 0, 0, 0, 0, 0, 0, 0, 0, 0,
	0, 0, 0, 0, 0, 0, 0, 0, 0, 0, 0, 0, 0, 0, 0, 0, 0, 0,
	0, 0, 0, 0, 0, 0, 0, 0, 0, 0, 0, 0, 0, 0, 0, 0, 0, 0,
	0, 0, 0, 0, 0, 0, 0, 0, 0, 0, 0, 0, 0, 0, 0, 0, 0, 0,
}
U0_M1_JITTER_Upper = {
	75, 75, 75, 75, 75, 75, 75, 75, 75, 75, 75, 75, 75, 75, 75, 75, 75, 75,
	75, 75, 75, 75, 75, 75, 75, 75, 75, 75, 75, 75, 75, 75, 75, 75, 75, 75,
	75, 75, 75, 75, 75, 75, 75, 75, 75, 75, 75, 75, 75, 75, 75, 75, 75, 75,
	75, 75, 75, 75, 75, 75, 75, 75, 75, 75, 75, 75, 75, 75, 75, 75, 75, 75,
	75, 75, 75, 75, 75, 75, 75, 75, 75, 75, 75, 75, 75, 75, 75, 75, 75, 75,
	75, 75, 75, 75, 75, 75, 75, 75, 75, 75, 75, 75, 75, 75, 75, 75, 75, 75,
	75, 75, 75, 75, 75, 75, 75, 75, 75, 75, 75, 75, 75, 75, 75, 75, 75, 75,
	75, 75, 75, 75, 75, 75, 75, 75, 75, 75, 75, 75, 75, 75, 75, 75, 75, 75,
	75, 75, 75, 75, 75, 75, 75, 75, 75, 75, 75, 75, 75, 75, 75, 75, 75, 75,
	75, 75, 75, 75, 75, 75, 75, 75, 75, 75, 75, 75, 75, 75, 75, 75, 75, 75,
	75, 75, 75, 75, 75, 75, 75, 75, 75, 75, 75, 75, 75, 75, 75, 75, 75, 75,
	75, 75, 75, 75, 75, 75, 75, 75, 75, 75, 75, 75, 75, 75, 75, 75, 75, 75,
	75, 75, 75, 75, 75, 75, 75, 75, 75, 75, 75, 75, 75, 75, 75, 75, 75, 75,
	75, 75, 75, 75, 75, 75, 75, 75, 75, 75, 75, 75, 75, 75, 75, 75, 75, 75,
	75, 75, 75, 75, 75, 75, 75, 75, 75, 75, 75, 75, 75, 75, 75, 75, 75, 75,
	75, 75, 75, 75, 75, 75, 75, 75, 75, 75, 75, 75, 75, 75, 75, 75, 75, 75,
	75, 75, 75, 75, 75, 75, 75, 75, 75, 75, 75, 75, 75, 75, 75, 75, 75, 75,
	75, 75, 75, 75, 75, 75, 75, 75, 75, 75, 75, 75, 75, 75, 75, 75, 75, 75,
	75, 75, 75, 75, 75, 75, 75, 75, 75, 75, 75, 75, 75, 75, 75, 75, 75, 75,
	75, 75, 75, 75, 75, 75, 75, 75, 75, 75, 75, 75, 75, 75, 75, 75, 75, 75,
	75, 75, 75, 75, 75, 75, 75, 75, 75, 75, 75, 75, 75, 75, 75, 75, 75, 75,
	75, 75, 75, 75, 75, 75, 75, 75, 75, 75, 75, 75, 75, 75, 75, 75, 75, 75,
	75, 75, 75, 75, 75, 75, 75, 75, 75, 75, 75, 75, 75, 75, 75, 75, 75, 75,
	75, 75, 75, 75, 75, 75, 75, 75, 75, 75, 75, 75, 75, 75, 75, 75, 75, 75,
	75, 75, 75, 75, 75, 75, 75, 75, 75, 75, 75, 75, 75, 75, 75, 75, 75, 75,
	75, 75, 75, 75, 75, 75, 75, 75, 75, 75, 75, 75, 75, 75, 75, 75, 75, 75,
	75, 75, 75, 75, 75, 75, 75, 75, 75, 75, 75, 75, 75, 75, 75, 75, 75, 75,
	75, 75, 75, 75, 75, 75, 75, 75, 75, 75, 75, 75, 75, 75, 75, 75, 75, 75,
	75, 75, 75, 75, 75, 75, 75, 75, 75, 75, 75, 75, 75, 75, 75, 75, 75, 75,
	75, 75, 75, 75, 75, 75, 75, 75, 75, 75, 75, 75, 75, 75, 75, 75, 75, 75,
	75, 75, 75, 75, 75, 75, 75, 75, 75, 75, 75, 75, 75, 75, 75, 75, 75, 75,
	75, 75, 75, 75, 75, 75, 75, 75, 75, 75, 75, 75, 75, 75, 75, 75, 75, 75,
	75, 75, 75, 75, 75, 75, 75, 75, 75, 75, 75, 75, 75, 75, 75, 75, 75, 75,
	75, 75, 75, 75, 75, 75, 75, 75, 75, 75, 75, 75, 75, 75, 75, 75, 75, 75,
	75, 75, 75, 75, 75, 75, 75, 75, 75, 75, 75, 75, 75, 75, 75, 75, 75, 75,
	75, 75, 75, 75, 75, 75, 75, 75, 75, 75, 75, 75, 75, 75, 75, 75, 75, 75,
}
U0_M2_Lower = {
	3950, 3950, 3950, 3950, 3950, 3950, 3950, 3950, 3950, 3950, 3950, 3950, 3950, 3950, 3950, 3950, 3950, 3950,
	3950, 3950, 3950, 3950, 3950, 3950, 3950, 3950, 3950, 3950, 3950, 3950, 3950, 3950, 3950, 3950, 3950, 3950,
	3950, 3950, 3950, 3950, 3950, 3950, 3950, 3950, 3950, 3950, 3950, 3950, 3950, 3950, 3950, 3950, 3950, 3950,
	3950, 3950, 3950, 3950, 3950, 3950, 3950, 3950, 3950, 3950, 3950, 3950, 3950, 3950, 3950, 3950, 3950, 3950,
	3950, 3950, 3950, 3950, 3950, 3950, 3950, 3950, 3950, 3950, 3950, 3950, 3950, 3950, 3950, 3950, 3950, 3950,
	3950, 3950, 3950, 3950, 3950, 3950, 3950, 3950, 3950, 3950, 3950, 3950, 3950, 3950, 3950, 3950, 3950, 3950,
	3950, 3950, 3950, 3950, 3950, 3950, 3950, 3950, 3950, 3950, 3950, 3950, 3950, 3950, 3950, 3950, 3950, 3950,
	3950, 3950, 3950, 3950, 3950, 3950, 3950, 3950, 3950, 3950, 3950, 3950, 3950, 3950, 3950, 3950, 3950, 3950,
	3950, 3950, 3950, 3950, 3950, 3950, 3950, 3950, 3950, 3950, 3950, 3950, 3950, 3950, 3950, 3950, 3950, 3950,
	3950, 3950, 3950, 3950, 3950, 3950, 3950, 3950, 3950, 3950, 3950, 3950, 3950, 3950, 3950, 3950, 3950, 3950,
	3950, 3950, 3950, 3950, 3950, 3950, 3950, 3950, 3950, 3950, 3950, 3950, 3950, 3950, 3950, 3950, 3950, 3950,
	3950, 3950, 3950, 3950, 3950, 3950, 3950, 3950, 3950, 3950, 3950, 3950, 3950, 3950, 3950, 3950, 3950, 3950,
	3950, 3950, 3950, 3950, 3950, 3950, 3950, 3950, 3950, 3950, 3950, 3950, 3950, 3950, 3950, 3950, 3950, 3950,
	3950, 3950, 3950, 3950, 3950, 3950, 3950, 3950, 3950, 3950, 3950, 3950, 3950, 3950, 3950, 3950, 3950, 3950,
	3950, 3950, 3950, 3950, 3950, 3950, 3950, 3950, 3950, 3950, 3950, 3950, 3950, 3950, 3950, 3950, 3950, 3950,
	3950, 3950, 3950, 3950, 3950, 3950, 3950, 3950, 3950, 3950, 3950, 3950, 3950, 3950, 3950, 3950, 3950, 3950,
	3950, 3950, 3950, 3950, 3950, 3950, 3950, 3950, 3950, 3950, 3950, 3950, 3950, 3950, 3950, 3950, 3950, 3950,
	3950, 3950, 3950, 3950, 3950, 3950, 3950, 3950, 3950, 3950, 3950, 3950, 3950, 3950, 3950, 3950, 3950, 3950,
	3950, 3950, 3950, 3950, 3950, 3950, 3950, 3950, 3950, 3950, 3950, 3950, 3950, 3950, 3950, 3950, 3950, 3950,
	3950, 3950, 3950, 3950, 3950, 3950, 3950, 3950, 3950, 3950, 3950, 3950, 3950, 3950, 3950, 3950, 3950, 3950,
	3950, 3950, 3950, 3950, 3950, 3950, 3950, 3950, 3950, 3950, 3950, 3950, 3950, 3950, 3950, 3950, 3950, 3950,
	3950, 3950, 3950, 3950, 3950, 3950, 3950, 3950, 3950, 3950, 3950, 3950, 3950, 3950, 3950, 3950, 3950, 3950,
	3950, 3950, 3950, 3950, 3950, 3950, 3950, 3950, 3950, 3950, 3950, 3950, 3950, 3950, 3950, 3950, 3950, 3950,
	3950, 3950, 3950, 3950, 3950, 3950, 3950, 3950, 3950, 3950, 3950, 3950, 3950, 3950, 3950, 3950, 3950, 3950,
	3950, 3950, 3950, 3950, 3950, 3950, 3950, 3950, 3950, 3950, 3950, 3950, 3950, 3950, 3950, 3950, 3950, 3950,
	3950, 3950, 3950, 3950, 3950, 3950, 3950, 3950, 3950, 3950, 3950, 3950, 3950, 3950, 3950, 3950, 3950, 3950,
	3950, 3950, 3950, 3950, 3950, 3950, 3950, 3950, 3950, 3950, 3950, 3950, 3950, 3950, 3950, 3950, 3950, 3950,
	3950, 3950, 3950, 3950, 3950, 3950, 3950, 3950, 3950, 3950, 3950, 3950, 3950, 3950, 3950, 3950, 3950, 3950,
	3950, 3950, 3950, 3950, 3950, 3950, 3950, 3950, 3950, 3950, 3950, 3950, 3950, 3950, 3950, 3950, 3950, 3950,
	3950, 3950, 3950, 3950, 3950, 3950, 3950, 3950, 3950, 3950, 3950, 3950, 3950, 3950, 3950, 3950, 3950, 3950,
	3950, 3950, 3950, 3950, 3950, 3950, 3950, 3950, 3950, 3950, 3950, 3950, 3950, 3950, 3950, 3950, 3950, 3950,
	3950, 3950, 3950, 3950, 3950, 3950, 3950, 3950, 3950, 3950, 3950, 3950, 3950, 3950, 3950, 3950, 3950, 3950,
	3950, 3950, 3950, 3950, 3950, 3950, 3950, 3950, 3950, 3950, 3950, 3950, 3950, 3950, 3950, 3950, 3950, 3950,
	3950, 3950, 3950, 3950, 3950, 3950, 3950, 3950, 3950, 3950, 3950, 3950, 3950, 3950, 3950, 3950, 3950, 3950,
	3950, 3950, 3950, 3950, 3950, 3950, 3950, 3950, 3950, 3950, 3950, 3950, 3950, 3950, 3950, 3950, 3950, 3950,
	3950, 3950, 3950, 3950, 3950, 3950, 3950, 3950, 3950, 3950, 3950, 3950, 3950, 3950, 3950, 3950, 3950, 3950,
}
U0_M2_Upper = {
	6050, 6050, 6050, 6050, 6050, 6050, 6050, 6050, 6050, 6050, 6050, 6050, 6050, 6050, 6050, 6050, 6050, 6050,
	6050, 6050, 6050, 6050, 6050, 6050, 6050, 6050, 6050, 6050, 6050, 6050, 6050, 6050, 6050, 6050, 6050, 6050,
	6050, 6050, 6050, 6050, 6050, 6050, 6050, 6050, 6050, 6050, 6050, 6050, 6050, 6050, 6050, 6050, 6050, 6050,
	6050, 6050, 6050, 6050, 6050, 6050, 6050, 6050, 6050, 6050, 6050, 6050, 6050, 6050, 6050, 6050, 6050, 6050,
	6050, 6050, 6050, 6050, 6050, 6050, 6050, 6050, 6050, 6050, 6050, 6050, 6050, 6050, 6050, 6050, 6050, 6050,
	6050, 6050, 6050, 6050, 6050, 6050, 6050, 6050, 6050, 6050, 6050, 6050, 6050, 6050, 6050, 6050, 6050, 6050,
	6050, 6050, 6050, 6050, 6050, 6050, 6050, 6050, 6050, 6050, 6050, 6050, 6050, 6050, 6050, 6050, 6050, 6050,
	6050, 6050, 6050, 6050, 6050, 6050, 6050, 6050, 6050, 6050, 6050, 6050, 6050, 6050, 6050, 6050, 6050, 6050,
	6050, 6050, 6050, 6050, 6050, 6050, 6050, 6050, 6050, 6050, 6050, 6050, 6050, 6050, 6050, 6050, 6050, 6050,
	6050, 6050, 6050, 6050, 6050, 6050, 6050, 6050, 6050, 6050, 6050, 6050, 6050, 6050, 6050, 6050, 6050, 6050,
	6050, 6050, 6050, 6050, 6050, 6050, 6050, 6050, 6050, 6050, 6050, 6050, 6050, 6050, 6050, 6050, 6050, 6050,
	6050, 6050, 6050, 6050, 6050, 6050, 6050, 6050, 6050, 6050, 6050, 6050, 6050, 6050, 6050, 6050, 6050, 6050,
	6050, 6050, 6050, 6050, 6050, 6050, 6050, 6050, 6050, 6050, 6050, 6050, 6050, 6050, 6050, 6050, 6050, 6050,
	6050, 6050, 6050, 6050, 6050, 6050, 6050, 6050, 6050, 6050, 6050, 6050, 6050, 6050, 6050, 6050, 6050, 6050,
	6050, 6050, 6050, 6050, 6050, 6050, 6050, 6050, 6050, 6050, 6050, 6050, 6050, 6050, 6050, 6050, 6050, 6050,
	6050, 6050, 6050, 6050, 6050, 6050, 6050, 6050, 6050, 6050, 6050, 6050, 6050, 6050, 6050, 6050, 6050, 6050,
	6050, 6050, 6050, 6050, 6050, 6050, 6050, 6050, 6050, 6050, 6050, 6050, 6050, 6050, 6050, 6050, 6050, 6050,
	6050, 6050, 6050, 6050, 6050, 6050, 6050, 6050, 6050, 6050, 6050, 6050, 6050, 6050, 6050, 6050, 6050, 6050,
	6050, 6050, 6050, 6050, 6050, 6050, 6050, 6050, 6050, 6050, 6050, 6050, 6050, 6050, 6050, 6050, 6050, 6050,
	6050, 6050, 6050, 6050, 6050, 6050, 6050, 6050, 6050, 6050, 6050, 6050, 6050, 6050, 6050, 6050, 6050, 6050,
	6050, 6050, 6050, 6050, 6050, 6050, 6050, 6050, 6050, 6050, 6050, 6050, 6050, 6050, 6050, 6050, 6050, 6050,
	6050, 6050, 6050, 6050, 6050, 6050, 6050, 6050, 6050, 6050, 6050, 6050, 6050, 6050, 6050, 6050, 6050, 6050,
	6050, 6050, 6050, 6050, 6050, 6050, 6050, 6050, 6050, 6050, 6050, 6050, 6050, 6050, 6050, 6050, 6050, 6050,
	6050, 6050, 6050, 6050, 6050, 6050, 6050, 6050, 6050, 6050, 6050, 6050, 6050, 6050, 6050, 6050, 6050, 6050,
	6050, 6050, 6050, 6050, 6050, 6050, 6050, 6050, 6050, 6050, 6050, 6050, 6050, 6050, 6050, 6050, 6050, 6050,
	6050, 6050, 6050, 6050, 6050, 6050, 6050, 6050, 6050, 6050, 6050, 6050, 6050, 6050, 6050, 6050, 6050, 6050,
	6050, 6050, 6050, 6050, 6050, 6050, 6050, 6050, 6050, 6050, 6050, 6050, 6050, 6050, 6050, 6050, 6050, 6050,
	6050, 6050, 6050, 6050, 6050, 6050, 6050, 6050, 6050, 6050, 6050, 6050, 6050, 6050, 6050, 6050, 6050, 6050,
	6050, 6050, 6050, 6050, 6050, 6050, 6050, 6050, 6050, 6050, 6050, 6050, 6050, 6050, 6050, 6050, 6050, 6050,
	6050, 6050, 6050, 6050, 6050, 6050, 6050, 6050, 6050, 6050, 6050, 6050, 6050, 6050, 6050, 6050, 6050, 6050,
	6050, 6050, 6050, 6050, 6050, 6050, 6050, 6050, 6050, 6050, 6050, 6050, 6050, 6050, 6050, 6050, 6050, 6050,
	6050, 6050, 6050, 6050, 6050, 6050, 6050, 6050, 6050, 6050, 6050, 6050, 6050, 6050, 6050, 6050, 6050, 6050,
	6050, 6050, 6050, 6050, 6050, 6050, 6050, 6050, 6050, 6050, 6050, 6050, 6050, 6050, 6050, 6050, 6050, 6050,
	6050, 6050, 6050, 6050, 6050, 6050, 6050, 6050, 6050, 6050, 6050, 6050, 6050, 6050, 6050, 6050, 6050, 6050,
	6050, 6050, 6050, 6050, 6050, 6050, 6050, 6050, 6050, 6050, 6050, 6050, 6050, 6050, 6050, 6050, 6050, 6050,
	6050, 6050, 6050, 6050, 6050, 6050, 6050, 6050, 6050, 6050, 6050, 6050, 6050, 6050, 6050, 6050, 6050, 6050,
}
U0_M2_JITTER_Lower = {
	0, 0, 0, 0, 0, 0, 0, 0, 0, 0, 0, 0, 0, 0, 0, 0, 0, 0,
	0, 0, 0, 0, 0, 0, 0, 0, 0, 0, 0, 0, 0, 0, 0, 0, 0, 0,
	0, 0, 0, 0, 0, 0, 0, 0, 0, 0, 0, 0, 0, 0, 0, 0, 0, 0,
	0, 0, 0, 0, 0, 0, 0, 0, 0, 0, 0, 0, 0, 0, 0, 0, 0, 0,
	0, 0, 0, 0, 0, 0, 0, 0, 0, 0, 0, 0, 0, 0, 0, 0, 0, 0,
	0, 0, 0, 0, 0, 0, 0, 0, 0, 0, 0, 0, 0, 0, 0, 0, 0, 0,
	0, 0, 0, 0, 0, 0, 0, 0, 0, 0, 0, 0, 0, 0, 0, 0, 0, 0,
	0, 0, 0, 0, 0, 0, 0, 0, 0, 0, 0, 0, 0, 0, 0, 0, 0, 0,
	0, 0, 0, 0, 0, 0, 0, 0, 0, 0, 0, 0, 0, 0, 0, 0, 0, 0,
	0, 0, 0, 0, 0, 0, 0, 0, 0, 0, 0, 0, 0, 0, 0, 0, 0, 0,
	0, 0, 0, 0, 0, 0, 0, 0, 0, 0, 0, 0, 0, 0, 0, 0, 0, 0,
	0, 0, 0, 0, 0, 0, 0, 0, 0, 0, 0, 0, 0, 0, 0, 0, 0, 0,
	0, 0, 0, 0, 0, 0, 0, 0, 0, 0, 0, 0, 0, 0, 0, 0, 0, 0,
	0, 0, 0, 0, 0, 0, 0, 0, 0, 0, 0, 0, 0, 0, 0, 0, 0, 0,
	0, 0, 0, 0, 0, 0, 0, 0, 0, 0, 0, 0, 0, 0, 0, 0, 0, 0,
	0, 0, 0, 0, 0, 0, 0, 0, 0, 0, 0, 0, 0, 0, 0, 0, 0, 0,
	0, 0, 0, 0, 0, 0, 0, 0, 0, 0, 0, 0, 0, 0, 0, 0, 0, 0,
	0, 0, 0, 0, 0, 0, 0, 0, 0, 0, 0, 0, 0, 0, 0, 0, 0, 0,
	0, 0, 0, 0, 0, 0, 0, 0, 0, 0, 0, 0, 0, 0, 0, 0, 0, 0,
	0, 0, 0, 0, 0, 0, 0, 0, 0, 0, 0, 0, 0, 0, 0, 0, 0, 0,
	0, 0, 0, 0, 0, 0, 0, 0, 0, 0, 0, 0, 0, 0, 0, 0, 0, 0,
	0, 0, 0, 0, 0, 0, 0, 0, 0, 0, 0, 0, 0, 0, 0, 0, 0, 0,
	0, 0, 0, 0, 0, 0, 0, 0, 0, 0, 0, 0, 0, 0, 0, 0, 0, 0,
	0, 0, 0, 0, 0, 0, 0, 0, 0, 0, 0, 0, 0, 0, 0, 0, 0, 0,
	0, 0, 0, 0, 0, 0, 0, 0, 0, 0, 0, 0, 0, 0, 0, 0, 0, 0,
	0, 0, 0, 0, 0, 0, 0, 0, 0, 0, 0, 0, 0, 0, 0, 0, 0, 0,
	0, 0, 0, 0, 0, 0, 0, 0, 0, 0, 0, 0, 0, 0, 0, 0, 0, 0,
	0, 0, 0, 0, 0, 0, 0, 0, 0, 0, 0, 0, 0, 0, 0, 0, 0, 0,
	0, 0, 0, 0, 0, 0, 0, 0, 0, 0, 0, 0, 0, 0, 0, 0, 0, 0,
	0, 0, 0, 0, 0, 0, 0, 0, 0, 0, 0, 0, 0, 0, 0, 0, 0, 0,
	0, 0, 0, 0, 0, 0, 0, 0, 0, 0, 0, 0, 0, 0, 0, 0, 0, 0,
	0, 0, 0, 0, 0, 0, 0, 0, 0, 0, 0, 0, 0, 0, 0, 0, 0, 0,
	0, 0, 0, 0, 0, 0, 0, 0, 0, 0, 0, 0, 0, 0, 0, 0, 0, 0,
	0, 0, 0, 0, 0, 0, 0, 0, 0, 0, 0, 0, 0, 0, 0, 0, 0, 0,
	0, 0, 0, 0, 0, 0, 0, 0, 0, 0, 0, 0, 0, 0, 0, 0, 0, 0,
	0, 0, 0, 0, 0, 0, 0, 0, 0, 0, 0, 0, 0, 0, 0, 0, 0, 0,
}
U0_M2_JITTER_Upper = {
	60, 60, 60, 60, 60, 60, 60, 60, 60, 60, 60, 60, 60, 60, 60, 60, 60, 60,
	60, 60, 60, 60, 60, 60, 60, 60, 60, 60, 60, 60, 60, 60, 60, 60, 60, 60,
	60, 60, 60, 60, 60, 60, 60, 60, 60, 60, 60, 60, 60, 60, 60, 60, 60, 60,
	60, 60, 60, 60, 60, 60, 60, 60, 60, 60, 60, 60, 60, 60, 60, 60, 60, 60,
	60, 60, 60, 60, 60, 60, 60, 60, 60, 60, 60, 60, 60, 60, 60, 60, 60, 60,
	60, 60, 60, 60, 60, 60, 60, 60, 60, 60, 60, 60, 60, 60, 60, 60, 60, 60,
	60, 60, 60, 60, 60, 60, 60, 60, 60, 60, 60, 60, 60, 60, 60, 60, 60, 60,
	60, 60, 60, 60, 60, 60, 60, 60, 60, 60, 60, 60, 60, 60, 60, 60, 60, 60,
	60, 60, 60, 60, 60, 60, 60, 60, 60, 60, 60, 60, 60, 60, 60, 60, 60, 60,
	60, 60, 60, 60, 60, 60, 60, 60, 60, 60, 60, 60, 60, 60, 60, 60, 60, 60,
	60, 60, 60, 60, 60, 60, 60, 60, 60, 60, 60, 60, 60, 60, 60, 60, 60, 60,
	60, 60, 60, 60, 60, 60, 60, 60, 60, 60, 60, 60, 60, 60, 60, 60, 60, 60,
	60, 60, 60, 60, 60, 60, 60, 60, 60, 60, 60, 60, 60, 60, 60, 60, 60, 60,
	60, 60, 60, 60, 60, 60, 60, 60, 60, 60, 60, 60, 60, 60, 60, 60, 60, 60,
	60, 60, 60, 60, 60, 60, 60, 60, 60, 60, 60, 60, 60, 60, 60, 60, 60, 60,
	60, 60, 60, 60, 60, 60, 60, 60, 60, 60, 60, 60, 60, 60, 60, 60, 60, 60,
	60, 60, 60, 60, 60, 60, 60, 60, 60, 60, 60, 60, 60, 60, 60, 60, 60, 60,
	60, 60, 60, 60, 60, 60, 60, 60, 60, 60, 60, 60, 60, 60, 60, 60, 60, 60,
	60, 60, 60, 60, 60, 60, 60, 60, 60, 60, 60, 60, 60, 60, 60, 60, 60, 60,
	60, 60, 60, 60, 60, 60, 60, 60, 60, 60, 60, 60, 60, 60, 60, 60, 60, 60,
	60, 60, 60, 60, 60, 60, 60, 60, 60, 60, 60, 60, 60, 60, 60, 60, 60, 60,
	60, 60, 60, 60, 60, 60, 60, 60, 60, 60, 60, 60, 60, 60, 60, 60, 60, 60,
	60, 60, 60, 60, 60, 60, 60, 60, 60, 60, 60, 60, 60, 60, 60, 60, 60, 60,
	60, 60, 60, 60, 60, 60, 60, 60, 60, 60, 60, 60, 60, 60, 60, 60, 60, 60,
	60, 60, 60, 60, 60, 60, 60, 60, 60, 60, 60, 60, 60, 60, 60, 60, 60, 60,
	60, 60, 60, 60, 60, 60, 60, 60, 60, 60, 60, 60, 60, 60, 60, 60, 60, 60,
	60, 60, 60, 60, 60, 60, 60, 60, 60, 60, 60, 60, 60, 60, 60, 60, 60, 60,
	60, 60, 60, 60, 60, 60, 60, 60, 60, 60, 60, 60, 60, 60, 60, 60, 60, 60,
	60, 60, 60, 60, 60, 60, 60, 60, 60, 60, 60, 60, 60, 60, 60, 60, 60, 60,
	60, 60, 60, 60, 60, 60, 60, 60, 60, 60, 60, 60, 60, 60, 60, 60, 60, 60,
	60, 60, 60, 60, 60, 60, 60, 60, 60, 60, 60, 60, 60, 60, 60, 60, 60, 60,
	60, 60, 60, 60, 60, 60, 60, 60, 60, 60, 60, 60, 60, 60, 60, 60, 60, 60,
	60, 60, 60, 60, 60, 60, 60, 60, 60, 60, 60, 60, 60, 60, 60, 60, 60, 60,
	60, 60, 60, 60, 60, 60, 60, 60, 60, 60, 60, 60, 60, 60, 60, 60, 60, 60,
	60, 60, 60, 60, 60, 60, 60, 60, 60, 60, 60, 60, 60, 60, 60, 60, 60, 60,
	60, 60, 60, 60, 60, 60, 60, 60, 60, 60, 60, 60, 60, 60, 60, 60, 60, 60,
}
