U3_M2_T_Lower = {
	3500, 3500, 3500, 3500, 3500, 3500, 3500, 3500, 3500, 3500, 3500, 3500, 3500, 3500, 3500,
	3500, 3500, 3500, 3500, 3500, 3500, 3500, 3500, 3500, 3500, 3500, 3500, 3500, 3500, 3500,
	3500, 3500, 3500, 3500, 3500, 3500, 3500, 3500, 3500, 3500, 3500, 3500, 3500, 3500, 3500,
	3500, 3500, 3500, 3500, 3500, 3500, 3500, 3500, 3500, 3500, 3500, 3500, 3500, 3500, 3500,
	3500, 3500, 3500, 3500, 3500, 3500, 3500, 3500, 3500, 3500, 3500, 3500, 3500, 3500, 3500,
	3500, 3500, 3500, 3500, 3500, 3500, 3500, 3500, 3500, 3500, 3500, 3500, 3500, 3500, 3500,
	3500, 3500, 3500, 3500, 3500, 3500, 3500, 3500, 3500, 3500, 3500, 3500, 3500, 3500, 3500,
	3500, 3500, 3500, 3500, 3500, 3500, 3500, 3500, 3500, 3500, 3500, 3500, 3500, 3500, 3500,
	3500, 3500, 3500, 3500, 3500, 3500, 3500, 3500, 3500, 3500, 3500, 3500, 3500, 3500, 3500,
	3500, 3500, 3500, 3500, 3500, 3500, 3500, 3500, 3500, 3500, 3500, 3500, 3500, 3500, 3500,
	3500, 3500, 3500, 3500, 3500, 3500, 3500, 3500, 3500, 3500, 3500, 3500, 3500, 3500, 3500,
	3500, 3500, 3500, 3500, 3500, 3500, 3500, 3500, 3500, 3500, 3500, 3500, 3500, 3500, 3500,
	3500, 3500, 3500, 3500, 3500, 3500, 3500, 3500, 3500, 3500, 3500, 3500, 3500, 3500, 3500,
	3500, 3500, 3500, 3500, 3500, 3500, 3500, 3500, 3500, 3500, 3500, 3500, 3500, 3500, 3500,
	3500, 3500, 3500, 3500, 3500, 3500, 3500, 3500, 3500, 3500, 3500, 3500, 3500, 3500, 3500,
	3500, 3500, 3500, 3500, 3500, 3500, 3500, 3500, 3500, 3500, 3500, 3500, 3500, 3500, 3500,
	3500, 3500, 3500, 3500, 3500, 3500, 3500, 3500, 3500, 3500, 3500, 3500, 3500, 3500, 3500,
	3500, 3500, 3500, 3500, 3500, 3500, 3500, 3500, 3500, 3500, 3500, 3500, 3500, 3500, 3500,
	3500, 3500, 3500, 3500, 3500, 3500, 3500, 3500, 3500, 3500, 3500, 3500, 3500, 3500, 3500,
	3500, 3500, 3500, 3500, 3500, 3500, 3500, 3500, 3500, 3500, 3500, 3500, 3500, 3500, 3500,
	3500, 3500, 3500, 3500, 3500, 3500, 3500, 3500, 3500, 3500, 3500, 3500, 3500, 3500, 3500,
	3500, 3500, 3500, 3500, 3500, 3500, 3500, 3500, 3500, 3500, 3500, 3500, 3500, 3500, 3500,
	3500, 3500, 3500, 3500, 3500, 3500, 3500, 3500, 3500, 3500, 3500, 3500, 3500, 3500, 3500,
	3500, 3500, 3500, 3500, 3500, 3500, 3500, 3500, 3500, 3500, 3500, 3500, 3500, 3500, 3500,
	3500, 3500, 3500, 3500, 3500, 3500, 3500, 3500, 3500, 3500, 3500, 3500, 3500, 3500, 3500,
	3500, 3500, 3500, 3500, 3500, 3500, 3500, 3500, 3500, 3500, 3500, 3500, 3500, 3500, 3500,
}
U3_M2_T_Upper = {
	5500, 5500, 5500, 5500, 5500, 5500, 5500, 5500, 5500, 5500, 5500, 5500, 5500, 5500, 5500,
	5500, 5500, 5500, 5500, 5500, 5500, 5500, 5500, 5500, 5500, 5500, 5500, 5500, 5500, 5500,
	5500, 5500, 5500, 5500, 5500, 5500, 5500, 5500, 5500, 5500, 5500, 5500, 5500, 5500, 5500,
	5500, 5500, 5500, 5500, 5500, 5500, 5500, 5500, 5500, 5500, 5500, 5500, 5500, 5500, 5500,
	5500, 5500, 5500, 5500, 5500, 5500, 5500, 5500, 5500, 5500, 5500, 5500, 5500, 5500, 5500,
	5500, 5500, 5500, 5500, 5500, 5500, 5500, 5500, 5500, 5500, 5500, 5500, 5500, 5500, 5500,
	5500, 5500, 5500, 5500, 5500, 5500, 5500, 5500, 5500, 5500, 5500, 5500, 5500, 5500, 5500,
	5500, 5500, 5500, 5500, 5500, 5500, 5500, 5500, 5500, 5500, 5500, 5500, 5500, 5500, 5500,
	5500, 5500, 5500, 5500, 5500, 5500, 5500, 5500, 5500, 5500, 5500, 5500, 5500, 5500, 5500,
	5500, 5500, 5500, 5500, 5500, 5500, 5500, 5500, 5500, 5500, 5500, 5500, 5500, 5500, 5500,
	5500, 5500, 5500, 5500, 5500, 5500, 5500, 5500, 5500, 5500, 5500, 5500, 5500, 5500, 5500,
	5500, 5500, 5500, 5500, 5500, 5500, 5500, 5500, 5500, 5500, 5500, 5500, 5500, 5500, 5500,
	5500, 5500, 5500, 5500, 5500, 5500, 5500, 5500, 5500, 5500, 5500, 5500, 5500, 5500, 5500,
	5500, 5500, 5500, 5500, 5500, 5500, 5500, 5500, 5500, 5500, 5500, 5500, 5500, 5500, 5500,
	5500, 5500, 5500, 5500, 5500, 5500, 5500, 5500, 5500, 5500, 5500, 5500, 5500, 5500, 5500,
	5500, 5500, 5500, 5500, 5500, 5500, 5500, 5500, 5500, 5500, 5500, 5500, 5500, 5500, 5500,
	5500, 5500, 5500, 5500, 5500, 5500, 5500, 5500, 5500, 5500, 5500, 5500, 5500, 5500, 5500,
	5500, 5500, 5500, 5500, 5500, 5500, 5500, 5500, 5500, 5500, 5500, 5500, 5500, 5500, 5500,
	5500, 5500, 5500, 5500, 5500, 5500, 5500, 5500, 5500, 5500, 5500, 5500, 5500, 5500, 5500,
	5500, 5500, 5500, 5500, 5500, 5500, 5500, 5500, 5500, 5500, 5500, 5500, 5500, 5500, 5500,
	5500, 5500, 5500, 5500, 5500, 5500, 5500, 5500, 5500, 5500, 5500, 5500, 5500, 5500, 5500,
	5500, 5500, 5500, 5500, 5500, 5500, 5500, 5500, 5500, 5500, 5500, 5500, 5500, 5500, 5500,
	5500, 5500, 5500, 5500, 5500, 5500, 5500, 5500, 5500, 5500, 5500, 5500, 5500, 5500, 5500,
	5500, 5500, 5500, 5500, 5500, 5500, 5500, 5500, 5500, 5500, 5500, 5500, 5500, 5500, 5500,
	5500, 5500, 5500, 5500, 5500, 5500, 5500, 5500, 5500, 5500, 5500, 5500, 5500, 5500, 5500,
	5500, 5500, 5500, 5500, 5500, 5500, 5500, 5500, 5500, 5500, 5500, 5500, 5500, 5500, 5500,
}
U3_M2_Lower = {
	3400, 3400, 3400, 3400, 3400, 3400, 3400, 3400, 3400, 3400, 3400, 3400, 3400, 3400, 3400,
	3400, 3400, 3400, 3400, 3400, 3400, 3400, 3400, 3400, 3400, 3400, 3400, 3400, 3400, 3400,
	3400, 3400, 3400, 3400, 3400, 3400, 3400, 3400, 3400, 3400, 3400, 3400, 3400, 3400, 3400,
	3400, 3400, 3400, 3400, 3400, 3400, 3400, 3400, 3400, 3400, 3400, 3400, 3400, 3400, 3400,
	3400, 3400, 3400, 3400, 3400, 3400, 3400, 3400, 3400, 3400, 3400, 3400, 3400, 3400, 3400,
	3400, 3400, 3400, 3400, 3400, 3400, 3400, 3400, 3400, 3400, 3400, 3400, 3400, 3400, 3400,
	3400, 3400, 3400, 3400, 3400, 3400, 3400, 3400, 3400, 3400, 3400, 3400, 3400, 3400, 3400,
	3400, 3400, 3400, 3400, 3400, 3400, 3400, 3400, 3400, 3400, 3400, 3400, 3400, 3400, 3400,
	3400, 3400, 3400, 3400, 3400, 3400, 3400, 3400, 3400, 3400, 3400, 3400, 3400, 3400, 3400,
	3400, 3400, 3400, 3400, 3400, 3400, 3400, 3400, 3400, 3400, 3400, 3400, 3400, 3400, 3400,
	3400, 3400, 3400, 3400, 3400, 3400, 3400, 3400, 3400, 3400, 3400, 3400, 3400, 3400, 3400,
	3400, 3400, 3400, 3400, 3400, 3400, 3400, 3400, 3400, 3400, 3400, 3400, 3400, 3400, 3400,
	3400, 3400, 3400, 3400, 3400, 3400, 3400, 3400, 3400, 3400, 3400, 3400, 3400, 3400, 3400,
	3400, 3400, 3400, 3400, 3400, 3400, 3400, 3400, 3400, 3400, 3400, 3400, 3400, 3400, 3400,
	3400, 3400, 3400, 3400, 3400, 3400, 3400, 3400, 3400, 3400, 3400, 3400, 3400, 3400, 3400,
	3400, 3400, 3400, 3400, 3400, 3400, 3400, 3400, 3400, 3400, 3400, 3400, 3400, 3400, 3400,
	3400, 3400, 3400, 3400, 3400, 3400, 3400, 3400, 3400, 3400, 3400, 3400, 3400, 3400, 3400,
	3400, 3400, 3400, 3400, 3400, 3400, 3400, 3400, 3400, 3400, 3400, 3400, 3400, 3400, 3400,
	3400, 3400, 3400, 3400, 3400, 3400, 3400, 3400, 3400, 3400, 3400, 3400, 3400, 3400, 3400,
	3400, 3400, 3400, 3400, 3400, 3400, 3400, 3400, 3400, 3400, 3400, 3400, 3400, 3400, 3400,
	3400, 3400, 3400, 3400, 3400, 3400, 3400, 3400, 3400, 3400, 3400, 3400, 3400, 3400, 3400,
	3400, 3400, 3400, 3400, 3400, 3400, 3400, 3400, 3400, 3400, 3400, 3400, 3400, 3400, 3400,
	3400, 3400, 3400, 3400, 3400, 3400, 3400, 3400, 3400, 3400, 3400, 3400, 3400, 3400, 3400,
	3400, 3400, 3400, 3400, 3400, 3400, 3400, 3400, 3400, 3400, 3400, 3400, 3400, 3400, 3400,
	3400, 3400, 3400, 3400, 3400, 3400, 3400, 3400, 3400, 3400, 3400, 3400, 3400, 3400, 3400,
	3400, 3400, 3400, 3400, 3400, 3400, 3400, 3400, 3400, 3400, 3400, 3400, 3400, 3400, 3400,
}
U3_M2_Upper = {
	5600, 5600, 5600, 5600, 5600, 5600, 5600, 5600, 5600, 5600, 5600, 5600, 5600, 5600, 5600,
	5600, 5600, 5600, 5600, 5600, 5600, 5600, 5600, 5600, 5600, 5600, 5600, 5600, 5600, 5600,
	5600, 5600, 5600, 5600, 5600, 5600, 5600, 5600, 5600, 5600, 5600, 5600, 5600, 5600, 5600,
	5600, 5600, 5600, 5600, 5600, 5600, 5600, 5600, 5600, 5600, 5600, 5600, 5600, 5600, 5600,
	5600, 5600, 5600, 5600, 5600, 5600, 5600, 5600, 5600, 5600, 5600, 5600, 5600, 5600, 5600,
	5600, 5600, 5600, 5600, 5600, 5600, 5600, 5600, 5600, 5600, 5600, 5600, 5600, 5600, 5600,
	5600, 5600, 5600, 5600, 5600, 5600, 5600, 5600, 5600, 5600, 5600, 5600, 5600, 5600, 5600,
	5600, 5600, 5600, 5600, 5600, 5600, 5600, 5600, 5600, 5600, 5600, 5600, 5600, 5600, 5600,
	5600, 5600, 5600, 5600, 5600, 5600, 5600, 5600, 5600, 5600, 5600, 5600, 5600, 5600, 5600,
	5600, 5600, 5600, 5600, 5600, 5600, 5600, 5600, 5600, 5600, 5600, 5600, 5600, 5600, 5600,
	5600, 5600, 5600, 5600, 5600, 5600, 5600, 5600, 5600, 5600, 5600, 5600, 5600, 5600, 5600,
	5600, 5600, 5600, 5600, 5600, 5600, 5600, 5600, 5600, 5600, 5600, 5600, 5600, 5600, 5600,
	5600, 5600, 5600, 5600, 5600, 5600, 5600, 5600, 5600, 5600, 5600, 5600, 5600, 5600, 5600,
	5600, 5600, 5600, 5600, 5600, 5600, 5600, 5600, 5600, 5600, 5600, 5600, 5600, 5600, 5600,
	5600, 5600, 5600, 5600, 5600, 5600, 5600, 5600, 5600, 5600, 5600, 5600, 5600, 5600, 5600,
	5600, 5600, 5600, 5600, 5600, 5600, 5600, 5600, 5600, 5600, 5600, 5600, 5600, 5600, 5600,
	5600, 5600, 5600, 5600, 5600, 5600, 5600, 5600, 5600, 5600, 5600, 5600, 5600, 5600, 5600,
	5600, 5600, 5600, 5600, 5600, 5600, 5600, 5600, 5600, 5600, 5600, 5600, 5600, 5600, 5600,
	5600, 5600, 5600, 5600, 5600, 5600, 5600, 5600, 5600, 5600, 5600, 5600, 5600, 5600, 5600,
	5600, 5600, 5600, 5600, 5600, 5600, 5600, 5600, 5600, 5600, 5600, 5600, 5600, 5600, 5600,
	5600, 5600, 5600, 5600, 5600, 5600, 5600, 5600, 5600, 5600, 5600, 5600, 5600, 5600, 5600,
	5600, 5600, 5600, 5600, 5600, 5600, 5600, 5600, 5600, 5600, 5600, 5600, 5600, 5600, 5600,
	5600, 5600, 5600, 5600, 5600, 5600, 5600, 5600, 5600, 5600, 5600, 5600, 5600, 5600, 5600,
	5600, 5600, 5600, 5600, 5600, 5600, 5600, 5600, 5600, 5600, 5600, 5600, 5600, 5600, 5600,
	5600, 5600, 5600, 5600, 5600, 5600, 5600, 5600, 5600, 5600, 5600, 5600, 5600, 5600, 5600,
	5600, 5600, 5600, 5600, 5600, 5600, 5600, 5600, 5600, 5600, 5600, 5600, 5600, 5600, 5600,
}
U0_M2_T_Lower = {
	3500, 3500, 3500, 3500, 3500, 3500, 3500, 3500, 3500, 3500, 3500, 3500, 3500, 3500, 3500,
	3500, 3500, 3500, 3500, 3500, 3500, 3500, 3500, 3500, 3500, 3500, 3500, 3500, 3500, 3500,
	3500, 3500, 3500, 3500, 3500, 3500, 3500, 3500, 3500, 3500, 3500, 3500, 3500, 3500, 3500,
	3500, 3500, 3500, 3500, 3500, 3500, 3500, 3500, 3500, 3500, 3500, 3500, 3500, 3500, 3500,
	3500, 3500, 3500, 3500, 3500, 3500, 3500, 3500, 3500, 3500, 3500, 3500, 3500, 3500, 3500,
	3500, 3500, 3500, 3500, 3500, 3500, 3500, 3500, 3500, 3500, 3500, 3500, 3500, 3500, 3500,
	3500, 3500, 3500, 3500, 3500, 3500, 3500, 3500, 3500, 3500, 3500, 3500, 3500, 3500, 3500,
	3500, 3500, 3500, 3500, 3500, 3500, 3500, 3500, 3500, 3500, 3500, 3500, 3500, 3500, 3500,
	3500, 3500, 3500, 3500, 3500, 3500, 3500, 3500, 3500, 3500, 3500, 3500, 3500, 3500, 3500,
	3500, 3500, 3500, 3500, 3500, 3500, 3500, 3500, 3500, 3500, 3500, 3500, 3500, 3500, 3500,
	3500, 3500, 3500, 3500, 3500, 3500, 3500, 3500, 3500, 3500, 3500, 3500, 3500, 3500, 3500,
	3500, 3500, 3500, 3500, 3500, 3500, 3500, 3500, 3500, 3500, 3500, 3500, 3500, 3500, 3500,
	3500, 3500, 3500, 3500, 3500, 3500, 3500, 3500, 3500, 3500, 3500, 3500, 3500, 3500, 3500,
	3500, 3500, 3500, 3500, 3500, 3500, 3500, 3500, 3500, 3500, 3500, 3500, 3500, 3500, 3500,
	3500, 3500, 3500, 3500, 3500, 3500, 3500, 3500, 3500, 3500, 3500, 3500, 3500, 3500, 3500,
	3500, 3500, 3500, 3500, 3500, 3500, 3500, 3500, 3500, 3500, 3500, 3500, 3500, 3500, 3500,
	3500, 3500, 3500, 3500, 3500, 3500, 3500, 3500, 3500, 3500, 3500, 3500, 3500, 3500, 3500,
	3500, 3500, 3500, 3500, 3500, 3500, 3500, 3500, 3500, 3500, 3500, 3500, 3500, 3500, 3500,
	3500, 3500, 3500, 3500, 3500, 3500, 3500, 3500, 3500, 3500, 3500, 3500, 3500, 3500, 3500,
	3500, 3500, 3500, 3500, 3500, 3500, 3500, 3500, 3500, 3500, 3500, 3500, 3500, 3500, 3500,
	3500, 3500, 3500, 3500, 3500, 3500, 3500, 3500, 3500, 3500, 3500, 3500, 3500, 3500, 3500,
	3500, 3500, 3500, 3500, 3500, 3500, 3500, 3500, 3500, 3500, 3500, 3500, 3500, 3500, 3500,
	3500, 3500, 3500, 3500, 3500, 3500, 3500, 3500, 3500, 3500, 3500, 3500, 3500, 3500, 3500,
	3500, 3500, 3500, 3500, 3500, 3500, 3500, 3500, 3500, 3500, 3500, 3500, 3500, 3500, 3500,
	3500, 3500, 3500, 3500, 3500, 3500, 3500, 3500, 3500, 3500, 3500, 3500, 3500, 3500, 3500,
	3500, 3500, 3500, 3500, 3500, 3500, 3500, 3500, 3500, 3500, 3500, 3500, 3500, 3500, 3500,
}
U0_M2_T_Upper = {
	5500, 5500, 5500, 5500, 5500, 5500, 5500, 5500, 5500, 5500, 5500, 5500, 5500, 5500, 5500,
	5500, 5500, 5500, 5500, 5500, 5500, 5500, 5500, 5500, 5500, 5500, 5500, 5500, 5500, 5500,
	5500, 5500, 5500, 5500, 5500, 5500, 5500, 5500, 5500, 5500, 5500, 5500, 5500, 5500, 5500,
	5500, 5500, 5500, 5500, 5500, 5500, 5500, 5500, 5500, 5500, 5500, 5500, 5500, 5500, 5500,
	5500, 5500, 5500, 5500, 5500, 5500, 5500, 5500, 5500, 5500, 5500, 5500, 5500, 5500, 5500,
	5500, 5500, 5500, 5500, 5500, 5500, 5500, 5500, 5500, 5500, 5500, 5500, 5500, 5500, 5500,
	5500, 5500, 5500, 5500, 5500, 5500, 5500, 5500, 5500, 5500, 5500, 5500, 5500, 5500, 5500,
	5500, 5500, 5500, 5500, 5500, 5500, 5500, 5500, 5500, 5500, 5500, 5500, 5500, 5500, 5500,
	5500, 5500, 5500, 5500, 5500, 5500, 5500, 5500, 5500, 5500, 5500, 5500, 5500, 5500, 5500,
	5500, 5500, 5500, 5500, 5500, 5500, 5500, 5500, 5500, 5500, 5500, 5500, 5500, 5500, 5500,
	5500, 5500, 5500, 5500, 5500, 5500, 5500, 5500, 5500, 5500, 5500, 5500, 5500, 5500, 5500,
	5500, 5500, 5500, 5500, 5500, 5500, 5500, 5500, 5500, 5500, 5500, 5500, 5500, 5500, 5500,
	5500, 5500, 5500, 5500, 5500, 5500, 5500, 5500, 5500, 5500, 5500, 5500, 5500, 5500, 5500,
	5500, 5500, 5500, 5500, 5500, 5500, 5500, 5500, 5500, 5500, 5500, 5500, 5500, 5500, 5500,
	5500, 5500, 5500, 5500, 5500, 5500, 5500, 5500, 5500, 5500, 5500, 5500, 5500, 5500, 5500,
	5500, 5500, 5500, 5500, 5500, 5500, 5500, 5500, 5500, 5500, 5500, 5500, 5500, 5500, 5500,
	5500, 5500, 5500, 5500, 5500, 5500, 5500, 5500, 5500, 5500, 5500, 5500, 5500, 5500, 5500,
	5500, 5500, 5500, 5500, 5500, 5500, 5500, 5500, 5500, 5500, 5500, 5500, 5500, 5500, 5500,
	5500, 5500, 5500, 5500, 5500, 5500, 5500, 5500, 5500, 5500, 5500, 5500, 5500, 5500, 5500,
	5500, 5500, 5500, 5500, 5500, 5500, 5500, 5500, 5500, 5500, 5500, 5500, 5500, 5500, 5500,
	5500, 5500, 5500, 5500, 5500, 5500, 5500, 5500, 5500, 5500, 5500, 5500, 5500, 5500, 5500,
	5500, 5500, 5500, 5500, 5500, 5500, 5500, 5500, 5500, 5500, 5500, 5500, 5500, 5500, 5500,
	5500, 5500, 5500, 5500, 5500, 5500, 5500, 5500, 5500, 5500, 5500, 5500, 5500, 5500, 5500,
	5500, 5500, 5500, 5500, 5500, 5500, 5500, 5500, 5500, 5500, 5500, 5500, 5500, 5500, 5500,
	5500, 5500, 5500, 5500, 5500, 5500, 5500, 5500, 5500, 5500, 5500, 5500, 5500, 5500, 5500,
	5500, 5500, 5500, 5500, 5500, 5500, 5500, 5500, 5500, 5500, 5500, 5500, 5500, 5500, 5500,
}
U0_M2_Lower = {
	3400, 3400, 3400, 3400, 3400, 3400, 3400, 3400, 3400, 3400, 3400, 3400, 3400, 3400, 3400,
	3400, 3400, 3400, 3400, 3400, 3400, 3400, 3400, 3400, 3400, 3400, 3400, 3400, 3400, 3400,
	3400, 3400, 3400, 3400, 3400, 3400, 3400, 3400, 3400, 3400, 3400, 3400, 3400, 3400, 3400,
	3400, 3400, 3400, 3400, 3400, 3400, 3400, 3400, 3400, 3400, 3400, 3400, 3400, 3400, 3400,
	3400, 3400, 3400, 3400, 3400, 3400, 3400, 3400, 3400, 3400, 3400, 3400, 3400, 3400, 3400,
	3400, 3400, 3400, 3400, 3400, 3400, 3400, 3400, 3400, 3400, 3400, 3400, 3400, 3400, 3400,
	3400, 3400, 3400, 3400, 3400, 3400, 3400, 3400, 3400, 3400, 3400, 3400, 3400, 3400, 3400,
	3400, 3400, 3400, 3400, 3400, 3400, 3400, 3400, 3400, 3400, 3400, 3400, 3400, 3400, 3400,
	3400, 3400, 3400, 3400, 3400, 3400, 3400, 3400, 3400, 3400, 3400, 3400, 3400, 3400, 3400,
	3400, 3400, 3400, 3400, 3400, 3400, 3400, 3400, 3400, 3400, 3400, 3400, 3400, 3400, 3400,
	3400, 3400, 3400, 3400, 3400, 3400, 3400, 3400, 3400, 3400, 3400, 3400, 3400, 3400, 3400,
	3400, 3400, 3400, 3400, 3400, 3400, 3400, 3400, 3400, 3400, 3400, 3400, 3400, 3400, 3400,
	3400, 3400, 3400, 3400, 3400, 3400, 3400, 3400, 3400, 3400, 3400, 3400, 3400, 3400, 3400,
	3400, 3400, 3400, 3400, 3400, 3400, 3400, 3400, 3400, 3400, 3400, 3400, 3400, 3400, 3400,
	3400, 3400, 3400, 3400, 3400, 3400, 3400, 3400, 3400, 3400, 3400, 3400, 3400, 3400, 3400,
	3400, 3400, 3400, 3400, 3400, 3400, 3400, 3400, 3400, 3400, 3400, 3400, 3400, 3400, 3400,
	3400, 3400, 3400, 3400, 3400, 3400, 3400, 3400, 3400, 3400, 3400, 3400, 3400, 3400, 3400,
	3400, 3400, 3400, 3400, 3400, 3400, 3400, 3400, 3400, 3400, 3400, 3400, 3400, 3400, 3400,
	3400, 3400, 3400, 3400, 3400, 3400, 3400, 3400, 3400, 3400, 3400, 3400, 3400, 3400, 3400,
	3400, 3400, 3400, 3400, 3400, 3400, 3400, 3400, 3400, 3400, 3400, 3400, 3400, 3400, 3400,
	3400, 3400, 3400, 3400, 3400, 3400, 3400, 3400, 3400, 3400, 3400, 3400, 3400, 3400, 3400,
	3400, 3400, 3400, 3400, 3400, 3400, 3400, 3400, 3400, 3400, 3400, 3400, 3400, 3400, 3400,
	3400, 3400, 3400, 3400, 3400, 3400, 3400, 3400, 3400, 3400, 3400, 3400, 3400, 3400, 3400,
	3400, 3400, 3400, 3400, 3400, 3400, 3400, 3400, 3400, 3400, 3400, 3400, 3400, 3400, 3400,
	3400, 3400, 3400, 3400, 3400, 3400, 3400, 3400, 3400, 3400, 3400, 3400, 3400, 3400, 3400,
	3400, 3400, 3400, 3400, 3400, 3400, 3400, 3400, 3400, 3400, 3400, 3400, 3400, 3400, 3400,
}
U0_M2_Upper = {
	5600, 5600, 5600, 5600, 5600, 5600, 5600, 5600, 5600, 5600, 5600, 5600, 5600, 5600, 5600,
	5600, 5600, 5600, 5600, 5600, 5600, 5600, 5600, 5600, 5600, 5600, 5600, 5600, 5600, 5600,
	5600, 5600, 5600, 5600, 5600, 5600, 5600, 5600, 5600, 5600, 5600, 5600, 5600, 5600, 5600,
	5600, 5600, 5600, 5600, 5600, 5600, 5600, 5600, 5600, 5600, 5600, 5600, 5600, 5600, 5600,
	5600, 5600, 5600, 5600, 5600, 5600, 5600, 5600, 5600, 5600, 5600, 5600, 5600, 5600, 5600,
	5600, 5600, 5600, 5600, 5600, 5600, 5600, 5600, 5600, 5600, 5600, 5600, 5600, 5600, 5600,
	5600, 5600, 5600, 5600, 5600, 5600, 5600, 5600, 5600, 5600, 5600, 5600, 5600, 5600, 5600,
	5600, 5600, 5600, 5600, 5600, 5600, 5600, 5600, 5600, 5600, 5600, 5600, 5600, 5600, 5600,
	5600, 5600, 5600, 5600, 5600, 5600, 5600, 5600, 5600, 5600, 5600, 5600, 5600, 5600, 5600,
	5600, 5600, 5600, 5600, 5600, 5600, 5600, 5600, 5600, 5600, 5600, 5600, 5600, 5600, 5600,
	5600, 5600, 5600, 5600, 5600, 5600, 5600, 5600, 5600, 5600, 5600, 5600, 5600, 5600, 5600,
	5600, 5600, 5600, 5600, 5600, 5600, 5600, 5600, 5600, 5600, 5600, 5600, 5600, 5600, 5600,
	5600, 5600, 5600, 5600, 5600, 5600, 5600, 5600, 5600, 5600, 5600, 5600, 5600, 5600, 5600,
	5600, 5600, 5600, 5600, 5600, 5600, 5600, 5600, 5600, 5600, 5600, 5600, 5600, 5600, 5600,
	5600, 5600, 5600, 5600, 5600, 5600, 5600, 5600, 5600, 5600, 5600, 5600, 5600, 5600, 5600,
	5600, 5600, 5600, 5600, 5600, 5600, 5600, 5600, 5600, 5600, 5600, 5600, 5600, 5600, 5600,
	5600, 5600, 5600, 5600, 5600, 5600, 5600, 5600, 5600, 5600, 5600, 5600, 5600, 5600, 5600,
	5600, 5600, 5600, 5600, 5600, 5600, 5600, 5600, 5600, 5600, 5600, 5600, 5600, 5600, 5600,
	5600, 5600, 5600, 5600, 5600, 5600, 5600, 5600, 5600, 5600, 5600, 5600, 5600, 5600, 5600,
	5600, 5600, 5600, 5600, 5600, 5600, 5600, 5600, 5600, 5600, 5600, 5600, 5600, 5600, 5600,
	5600, 5600, 5600, 5600, 5600, 5600, 5600, 5600, 5600, 5600, 5600, 5600, 5600, 5600, 5600,
	5600, 5600, 5600, 5600, 5600, 5600, 5600, 5600, 5600, 5600, 5600, 5600, 5600, 5600, 5600,
	5600, 5600, 5600, 5600, 5600, 5600, 5600, 5600, 5600, 5600, 5600, 5600, 5600, 5600, 5600,
	5600, 5600, 5600, 5600, 5600, 5600, 5600, 5600, 5600, 5600, 5600, 5600, 5600, 5600, 5600,
	5600, 5600, 5600, 5600, 5600, 5600, 5600, 5600, 5600, 5600, 5600, 5600, 5600, 5600, 5600,
	5600, 5600, 5600, 5600, 5600, 5600, 5600, 5600, 5600, 5600, 5600, 5600, 5600, 5600, 5600,
}
U0_M1_T_Lower = {
	350, 350, 350, 350, 350, 350, 350, 350, 350, 350, 350, 350, 350, 350, 350,
	350, 350, 350, 350, 350, 350, 350, 350, 350, 350, 350, 350, 350, 350, 350,
	350, 350, 350, 350, 350, 350, 350, 350, 350, 350, 350, 350, 350, 350, 350,
	350, 350, 350, 350, 350, 350, 350, 350, 350, 350, 350, 350, 350, 350, 350,
	350, 350, 350, 350, 350, 350, 350, 350, 350, 350, 350, 350, 350, 350, 350,
	350, 350, 350, 350, 350, 350, 350, 350, 350, 350, 350, 350, 350, 350, 350,
	350, 350, 350, 350, 350, 350, 350, 350, 350, 350, 350, 350, 350, 350, 350,
	350, 350, 350, 350, 350, 350, 350, 350, 350, 350, 350, 350, 350, 350, 350,
	350, 350, 350, 350, 350, 350, 350, 350, 350, 350, 350, 350, 350, 350, 350,
	350, 350, 350, 350, 350, 350, 350, 350, 350, 350, 350, 350, 350, 350, 350,
	350, 350, 350, 350, 350, 350, 350, 350, 350, 350, 350, 350, 350, 350, 350,
	350, 350, 350, 350, 350, 350, 350, 350, 350, 350, 350, 350, 350, 350, 350,
	350, 350, 350, 350, 350, 350, 350, 350, 350, 350, 350, 350, 350, 350, 350,
	350, 350, 350, 350, 350, 350, 350, 350, 350, 350, 350, 350, 350, 350, 350,
	350, 350, 350, 350, 350, 350, 350, 350, 350, 350, 350, 350, 350, 350, 350,
	350, 350, 350, 350, 350, 350, 350, 350, 350, 350, 350, 350, 350, 350, 350,
	350, 350, 350, 350, 350, 350, 350, 350, 350, 350, 350, 350, 350, 350, 350,
	350, 350, 350, 350, 350, 350, 350, 350, 350, 350, 350, 350, 350, 350, 350,
	350, 350, 350, 350, 350, 350, 350, 350, 350, 350, 350, 350, 350, 350, 350,
	350, 350, 350, 350, 350, 350, 350, 350, 350, 350, 350, 350, 350, 350, 350,
	350, 350, 350, 350, 350, 350, 350, 350, 350, 350, 350, 350, 350, 350, 350,
	350, 350, 350, 350, 350, 350, 350, 350, 350, 350, 350, 350, 350, 350, 350,
	350, 350, 350, 350, 350, 350, 350, 350, 350, 350, 350, 350, 350, 350, 350,
	350, 350, 350, 350, 350, 350, 350, 350, 350, 350, 350, 350, 350, 350, 350,
	350, 350, 350, 350, 350, 350, 350, 350, 350, 350, 350, 350, 350, 350, 350,
	350, 350, 350, 350, 350, 350, 350, 350, 350, 350, 350, 350, 350, 350, 350,
}
U0_M1_T_Upper = {
	1750, 1750, 1750, 1750, 1750, 1750, 1750, 1750, 1750, 1750, 1750, 1750, 1750, 1750, 1750,
	1750, 1750, 1750, 1750, 1750, 1750, 1750, 1750, 1750, 1750, 1750, 1750, 1750, 1750, 1750,
	1750, 1750, 1750, 1750, 1750, 1750, 1750, 1750, 1750, 1750, 1750, 1750, 1750, 1750, 1750,
	1750, 1750, 1750, 1750, 1750, 1750, 1750, 1750, 1750, 1750, 1750, 1750, 1750, 1750, 1750,
	1750, 1750, 1750, 1750, 1750, 1750, 1750, 1750, 1750, 1750, 1750, 1750, 1750, 1750, 1750,
	1750, 1750, 1750, 1750, 1750, 1750, 1750, 1750, 1750, 1750, 1750, 1750, 1750, 1750, 1750,
	1750, 1750, 1750, 1750, 1750, 1750, 1750, 1750, 1750, 1750, 1750, 1750, 1750, 1750, 1750,
	1750, 1750, 1750, 1750, 1750, 1750, 1750, 1750, 1750, 1750, 1750, 1750, 1750, 1750, 1750,
	1750, 1750, 1750, 1750, 1750, 1750, 1750, 1750, 1750, 1750, 1750, 1750, 1750, 1750, 1750,
	1750, 1750, 1750, 1750, 1750, 1750, 1750, 1750, 1750, 1750, 1750, 1750, 1750, 1750, 1750,
	1750, 1750, 1750, 1750, 1750, 1750, 1750, 1750, 1750, 1750, 1750, 1750, 1750, 1750, 1750,
	1750, 1750, 1750, 1750, 1750, 1750, 1750, 1750, 1750, 1750, 1750, 1750, 1750, 1750, 1750,
	1750, 1750, 1750, 1750, 1750, 1750, 1750, 1750, 1750, 1750, 1750, 1750, 1750, 1750, 1750,
	1750, 1750, 1750, 1750, 1750, 1750, 1750, 1750, 1750, 1750, 1750, 1750, 1750, 1750, 1750,
	1750, 1750, 1750, 1750, 1750, 1750, 1750, 1750, 1750, 1750, 1750, 1750, 1750, 1750, 1750,
	1750, 1750, 1750, 1750, 1750, 1750, 1750, 1750, 1750, 1750, 1750, 1750, 1750, 1750, 1750,
	1750, 1750, 1750, 1750, 1750, 1750, 1750, 1750, 1750, 1750, 1750, 1750, 1750, 1750, 1750,
	1750, 1750, 1750, 1750, 1750, 1750, 1750, 1750, 1750, 1750, 1750, 1750, 1750, 1750, 1750,
	1750, 1750, 1750, 1750, 1750, 1750, 1750, 1750, 1750, 1750, 1750, 1750, 1750, 1750, 1750,
	1750, 1750, 1750, 1750, 1750, 1750, 1750, 1750, 1750, 1750, 1750, 1750, 1750, 1750, 1750,
	1750, 1750, 1750, 1750, 1750, 1750, 1750, 1750, 1750, 1750, 1750, 1750, 1750, 1750, 1750,
	1750, 1750, 1750, 1750, 1750, 1750, 1750, 1750, 1750, 1750, 1750, 1750, 1750, 1750, 1750,
	1750, 1750, 1750, 1750, 1750, 1750, 1750, 1750, 1750, 1750, 1750, 1750, 1750, 1750, 1750,
	1750, 1750, 1750, 1750, 1750, 1750, 1750, 1750, 1750, 1750, 1750, 1750, 1750, 1750, 1750,
	1750, 1750, 1750, 1750, 1750, 1750, 1750, 1750, 1750, 1750, 1750, 1750, 1750, 1750, 1750,
	1750, 1750, 1750, 1750, 1750, 1750, 1750, 1750, 1750, 1750, 1750, 1750, 1750, 1750, 1750,
}
U0_M1_Lower = {
	250, 250, 250, 250, 250, 250, 250, 250, 250, 250, 250, 250, 250, 250, 250,
	250, 250, 250, 250, 250, 250, 250, 250, 250, 250, 250, 250, 250, 250, 250,
	250, 250, 250, 250, 250, 250, 250, 250, 250, 250, 250, 250, 250, 250, 250,
	250, 250, 250, 250, 250, 250, 250, 250, 250, 250, 250, 250, 250, 250, 250,
	250, 250, 250, 250, 250, 250, 250, 250, 250, 250, 250, 250, 250, 250, 250,
	250, 250, 250, 250, 250, 250, 250, 250, 250, 250, 250, 250, 250, 250, 250,
	250, 250, 250, 250, 250, 250, 250, 250, 250, 250, 250, 250, 250, 250, 250,
	250, 250, 250, 250, 250, 250, 250, 250, 250, 250, 250, 250, 250, 250, 250,
	250, 250, 250, 250, 250, 250, 250, 250, 250, 250, 250, 250, 250, 250, 250,
	250, 250, 250, 250, 250, 250, 250, 250, 250, 250, 250, 250, 250, 250, 250,
	250, 250, 250, 250, 250, 250, 250, 250, 250, 250, 250, 250, 250, 250, 250,
	250, 250, 250, 250, 250, 250, 250, 250, 250, 250, 250, 250, 250, 250, 250,
	250, 250, 250, 250, 250, 250, 250, 250, 250, 250, 250, 250, 250, 250, 250,
	250, 250, 250, 250, 250, 250, 250, 250, 250, 250, 250, 250, 250, 250, 250,
	250, 250, 250, 250, 250, 250, 250, 250, 250, 250, 250, 250, 250, 250, 250,
	250, 250, 250, 250, 250, 250, 250, 250, 250, 250, 250, 250, 250, 250, 250,
	250, 250, 250, 250, 250, 250, 250, 250, 250, 250, 250, 250, 250, 250, 250,
	250, 250, 250, 250, 250, 250, 250, 250, 250, 250, 250, 250, 250, 250, 250,
	250, 250, 250, 250, 250, 250, 250, 250, 250, 250, 250, 250, 250, 250, 250,
	250, 250, 250, 250, 250, 250, 250, 250, 250, 250, 250, 250, 250, 250, 250,
	250, 250, 250, 250, 250, 250, 250, 250, 250, 250, 250, 250, 250, 250, 250,
	250, 250, 250, 250, 250, 250, 250, 250, 250, 250, 250, 250, 250, 250, 250,
	250, 250, 250, 250, 250, 250, 250, 250, 250, 250, 250, 250, 250, 250, 250,
	250, 250, 250, 250, 250, 250, 250, 250, 250, 250, 250, 250, 250, 250, 250,
	250, 250, 250, 250, 250, 250, 250, 250, 250, 250, 250, 250, 250, 250, 250,
	250, 250, 250, 250, 250, 250, 250, 250, 250, 250, 250, 250, 250, 250, 250,
}
U0_M1_Upper = {
	1750, 1750, 1750, 1750, 1750, 1750, 1750, 1750, 1750, 1750, 1750, 1750, 1750, 1750, 1750,
	1750, 1750, 1750, 1750, 1750, 1750, 1750, 1750, 1750, 1750, 1750, 1750, 1750, 1750, 1750,
	1750, 1750, 1750, 1750, 1750, 1750, 1750, 1750, 1750, 1750, 1750, 1750, 1750, 1750, 1750,
	1750, 1750, 1750, 1750, 1750, 1750, 1750, 1750, 1750, 1750, 1750, 1750, 1750, 1750, 1750,
	1750, 1750, 1750, 1750, 1750, 1750, 1750, 1750, 1750, 1750, 1750, 1750, 1750, 1750, 1750,
	1750, 1750, 1750, 1750, 1750, 1750, 1750, 1750, 1750, 1750, 1750, 1750, 1750, 1750, 1750,
	1750, 1750, 1750, 1750, 1750, 1750, 1750, 1750, 1750, 1750, 1750, 1750, 1750, 1750, 1750,
	1750, 1750, 1750, 1750, 1750, 1750, 1750, 1750, 1750, 1750, 1750, 1750, 1750, 1750, 1750,
	1750, 1750, 1750, 1750, 1750, 1750, 1750, 1750, 1750, 1750, 1750, 1750, 1750, 1750, 1750,
	1750, 1750, 1750, 1750, 1750, 1750, 1750, 1750, 1750, 1750, 1750, 1750, 1750, 1750, 1750,
	1750, 1750, 1750, 1750, 1750, 1750, 1750, 1750, 1750, 1750, 1750, 1750, 1750, 1750, 1750,
	1750, 1750, 1750, 1750, 1750, 1750, 1750, 1750, 1750, 1750, 1750, 1750, 1750, 1750, 1750,
	1750, 1750, 1750, 1750, 1750, 1750, 1750, 1750, 1750, 1750, 1750, 1750, 1750, 1750, 1750,
	1750, 1750, 1750, 1750, 1750, 1750, 1750, 1750, 1750, 1750, 1750, 1750, 1750, 1750, 1750,
	1750, 1750, 1750, 1750, 1750, 1750, 1750, 1750, 1750, 1750, 1750, 1750, 1750, 1750, 1750,
	1750, 1750, 1750, 1750, 1750, 1750, 1750, 1750, 1750, 1750, 1750, 1750, 1750, 1750, 1750,
	1750, 1750, 1750, 1750, 1750, 1750, 1750, 1750, 1750, 1750, 1750, 1750, 1750, 1750, 1750,
	1750, 1750, 1750, 1750, 1750, 1750, 1750, 1750, 1750, 1750, 1750, 1750, 1750, 1750, 1750,
	1750, 1750, 1750, 1750, 1750, 1750, 1750, 1750, 1750, 1750, 1750, 1750, 1750, 1750, 1750,
	1750, 1750, 1750, 1750, 1750, 1750, 1750, 1750, 1750, 1750, 1750, 1750, 1750, 1750, 1750,
	1750, 1750, 1750, 1750, 1750, 1750, 1750, 1750, 1750, 1750, 1750, 1750, 1750, 1750, 1750,
	1750, 1750, 1750, 1750, 1750, 1750, 1750, 1750, 1750, 1750, 1750, 1750, 1750, 1750, 1750,
	1750, 1750, 1750, 1750, 1750, 1750, 1750, 1750, 1750, 1750, 1750, 1750, 1750, 1750, 1750,
	1750, 1750, 1750, 1750, 1750, 1750, 1750, 1750, 1750, 1750, 1750, 1750, 1750, 1750, 1750,
	1750, 1750, 1750, 1750, 1750, 1750, 1750, 1750, 1750, 1750, 1750, 1750, 1750, 1750, 1750,
	1750, 1750, 1750, 1750, 1750, 1750, 1750, 1750, 1750, 1750, 1750, 1750, 1750, 1750, 1750,
}
OPEN_T_Lower = {
	2900, 2900, 2900, 2900, 2900, 2900, 2900, 2900, 2900, 2900, 2900, 2900, 2900, 2900, 2900,
	2900, 2900, 2900, 2900, 2900, 2900, 2900, 2900, 2900, 2900, 2900, 2900, 2900, 2900, 2900,
	2900, 2900, 2900, 2900, 2900, 2900, 2900, 2900, 2900, 2900, 2900, 2900, 2900, 2900, 2900,
	2900, 2900, 2900, 2900, 2900, 2900, 2900, 2900, 2900, 2900, 2900, 2900, 2900, 2900, 2900,
	2900, 2900, 2900, 2900, 2900, 2900, 2900, 2900, 2900, 2900, 2900, 2900, 2900, 2900, 2900,
	2900, 2900, 2900, 2900, 2900, 2900, 2900, 2900, 2900, 2900, 2900, 2900, 2900, 2900, 2900,
	2900, 2900, 2900, 2900, 2900, 2900, 2900, 2900, 2900, 2900, 2900, 2900, 2900, 2900, 2900,
	2900, 2900, 2900, 2900, 2900, 2900, 2900, 2900, 2900, 2900, 2900, 2900, 2900, 2900, 2900,
	2900, 2900, 2900, 2900, 2900, 2900, 2900, 2900, 2900, 2900, 2900, 2900, 2900, 2900, 2900,
	2900, 2900, 2900, 2900, 2900, 2900, 2900, 2900, 2900, 2900, 2900, 2900, 2900, 2900, 2900,
	2900, 2900, 2900, 2900, 2900, 2900, 2900, 2900, 2900, 2900, 2900, 2900, 2900, 2900, 2900,
	2900, 2900, 2900, 2900, 2900, 2900, 2900, 2900, 2900, 2900, 2900, 2900, 2900, 2900, 2900,
	2900, 2900, 2900, 2900, 2900, 2900, 2900, 2900, 2900, 2900, 2900, 2900, 2900, 2900, 2900,
	2900, 2900, 2900, 2900, 2900, 2900, 2900, 2900, 2900, 2900, 2900, 2900, 2900, 2900, 2900,
	2900, 2900, 2900, 2900, 2900, 2900, 2900, 2900, 2900, 2900, 2900, 2900, 2900, 2900, 2900,
	2900, 2900, 2900, 2900, 2900, 2900, 2900, 2900, 2900, 2900, 2900, 2900, 2900, 2900, 2900,
	2900, 2900, 2900, 2900, 2900, 2900, 2900, 2900, 2900, 2900, 2900, 2900, 2900, 2900, 2900,
	2900, 2900, 2900, 2900, 2900, 2900, 2900, 2900, 2900, 2900, 2900, 2900, 2900, 2900, 2900,
	2900, 2900, 2900, 2900, 2900, 2900, 2900, 2900, 2900, 2900, 2900, 2900, 2900, 2900, 2900,
	2900, 2900, 2900, 2900, 2900, 2900, 2900, 2900, 2900, 2900, 2900, 2900, 2900, 2900, 2900,
	2900, 2900, 2900, 2900, 2900, 2900, 2900, 2900, 2900, 2900, 2900, 2900, 2900, 2900, 2900,
	2900, 2900, 2900, 2900, 2900, 2900, 2900, 2900, 2900, 2900, 2900, 2900, 2900, 2900, 2900,
	2900, 2900, 2900, 2900, 2900, 2900, 2900, 2900, 2900, 2900, 2900, 2900, 2900, 2900, 2900,
	2900, 2900, 2900, 2900, 2900, 2900, 2900, 2900, 2900, 2900, 2900, 2900, 2900, 2900, 2900,
	2900, 2900, 2900, 2900, 2900, 2900, 2900, 2900, 2900, 2900, 2900, 2900, 2900, 2900, 2900,
	2900, 2900, 2900, 2900, 2900, 2900, 2900, 2900, 2900, 2900, 2900, 2900, 2900, 2900, 2900,
}
OPEN_T_Upper = {
	4400, 4400, 4400, 4400, 4400, 4400, 4400, 4400, 4400, 4400, 4400, 4400, 4400, 4400, 4400,
	4400, 4400, 4400, 4400, 4400, 4400, 4400, 4400, 4400, 4400, 4400, 4400, 4400, 4400, 4400,
	4400, 4400, 4400, 4400, 4400, 4400, 4400, 4400, 4400, 4400, 4400, 4400, 4400, 4400, 4400,
	4400, 4400, 4400, 4400, 4400, 4400, 4400, 4400, 4400, 4400, 4400, 4400, 4400, 4400, 4400,
	4400, 4400, 4400, 4400, 4400, 4400, 4400, 4400, 4400, 4400, 4400, 4400, 4400, 4400, 4400,
	4400, 4400, 4400, 4400, 4400, 4400, 4400, 4400, 4400, 4400, 4400, 4400, 4400, 4400, 4400,
	4400, 4400, 4400, 4400, 4400, 4400, 4400, 4400, 4400, 4400, 4400, 4400, 4400, 4400, 4400,
	4400, 4400, 4400, 4400, 4400, 4400, 4400, 4400, 4400, 4400, 4400, 4400, 4400, 4400, 4400,
	4400, 4400, 4400, 4400, 4400, 4400, 4400, 4400, 4400, 4400, 4400, 4400, 4400, 4400, 4400,
	4400, 4400, 4400, 4400, 4400, 4400, 4400, 4400, 4400, 4400, 4400, 4400, 4400, 4400, 4400,
	4400, 4400, 4400, 4400, 4400, 4400, 4400, 4400, 4400, 4400, 4400, 4400, 4400, 4400, 4400,
	4400, 4400, 4400, 4400, 4400, 4400, 4400, 4400, 4400, 4400, 4400, 4400, 4400, 4400, 4400,
	4400, 4400, 4400, 4400, 4400, 4400, 4400, 4400, 4400, 4400, 4400, 4400, 4400, 4400, 4400,
	4400, 4400, 4400, 4400, 4400, 4400, 4400, 4400, 4400, 4400, 4400, 4400, 4400, 4400, 4400,
	4400, 4400, 4400, 4400, 4400, 4400, 4400, 4400, 4400, 4400, 4400, 4400, 4400, 4400, 4400,
	4400, 4400, 4400, 4400, 4400, 4400, 4400, 4400, 4400, 4400, 4400, 4400, 4400, 4400, 4400,
	4400, 4400, 4400, 4400, 4400, 4400, 4400, 4400, 4400, 4400, 4400, 4400, 4400, 4400, 4400,
	4400, 4400, 4400, 4400, 4400, 4400, 4400, 4400, 4400, 4400, 4400, 4400, 4400, 4400, 4400,
	4400, 4400, 4400, 4400, 4400, 4400, 4400, 4400, 4400, 4400, 4400, 4400, 4400, 4400, 4400,
	4400, 4400, 4400, 4400, 4400, 4400, 4400, 4400, 4400, 4400, 4400, 4400, 4400, 4400, 4400,
	4400, 4400, 4400, 4400, 4400, 4400, 4400, 4400, 4400, 4400, 4400, 4400, 4400, 4400, 4400,
	4400, 4400, 4400, 4400, 4400, 4400, 4400, 4400, 4400, 4400, 4400, 4400, 4400, 4400, 4400,
	4400, 4400, 4400, 4400, 4400, 4400, 4400, 4400, 4400, 4400, 4400, 4400, 4400, 4400, 4400,
	4400, 4400, 4400, 4400, 4400, 4400, 4400, 4400, 4400, 4400, 4400, 4400, 4400, 4400, 4400,
	4400, 4400, 4400, 4400, 4400, 4400, 4400, 4400, 4400, 4400, 4400, 4400, 4400, 4400, 4400,
	4400, 4400, 4400, 4400, 4400, 4400, 4400, 4400, 4400, 4400, 4400, 4400, 4400, 4400, 4400,
}
OPEN_Lower = {
	2900, 2900, 2900, 2900, 2900, 2900, 2900, 2900, 2900, 2900, 2900, 2900, 2900, 2900, 2900,
	2900, 2900, 2900, 2900, 2900, 2900, 2900, 2900, 2900, 2900, 2900, 2900, 2900, 2900, 2900,
	2900, 2900, 2900, 2900, 2900, 2900, 2900, 2900, 2900, 2900, 2900, 2900, 2900, 2900, 2900,
	2900, 2900, 2900, 2900, 2900, 2900, 2900, 2900, 2900, 2900, 2900, 2900, 2900, 2900, 2900,
	2900, 2900, 2900, 2900, 2900, 2900, 2900, 2900, 2900, 2900, 2900, 2900, 2900, 2900, 2900,
	2900, 2900, 2900, 2900, 2900, 2900, 2900, 2900, 2900, 2900, 2900, 2900, 2900, 2900, 2900,
	2900, 2900, 2900, 2900, 2900, 2900, 2900, 2900, 2900, 2900, 2900, 2900, 2900, 2900, 2900,
	2900, 2900, 2900, 2900, 2900, 2900, 2900, 2900, 2900, 2900, 2900, 2900, 2900, 2900, 2900,
	2900, 2900, 2900, 2900, 2900, 2900, 2900, 2900, 2900, 2900, 2900, 2900, 2900, 2900, 2900,
	2900, 2900, 2900, 2900, 2900, 2900, 2900, 2900, 2900, 2900, 2900, 2900, 2900, 2900, 2900,
	2900, 2900, 2900, 2900, 2900, 2900, 2900, 2900, 2900, 2900, 2900, 2900, 2900, 2900, 2900,
	2900, 2900, 2900, 2900, 2900, 2900, 2900, 2900, 2900, 2900, 2900, 2900, 2900, 2900, 2900,
	2900, 2900, 2900, 2900, 2900, 2900, 2900, 2900, 2900, 2900, 2900, 2900, 2900, 2900, 2900,
	2900, 2900, 2900, 2900, 2900, 2900, 2900, 2900, 2900, 2900, 2900, 2900, 2900, 2900, 2900,
	2900, 2900, 2900, 2900, 2900, 2900, 2900, 2900, 2900, 2900, 2900, 2900, 2900, 2900, 2900,
	2900, 2900, 2900, 2900, 2900, 2900, 2900, 2900, 2900, 2900, 2900, 2900, 2900, 2900, 2900,
	2900, 2900, 2900, 2900, 2900, 2900, 2900, 2900, 2900, 2900, 2900, 2900, 2900, 2900, 2900,
	2900, 2900, 2900, 2900, 2900, 2900, 2900, 2900, 2900, 2900, 2900, 2900, 2900, 2900, 2900,
	2900, 2900, 2900, 2900, 2900, 2900, 2900, 2900, 2900, 2900, 2900, 2900, 2900, 2900, 2900,
	2900, 2900, 2900, 2900, 2900, 2900, 2900, 2900, 2900, 2900, 2900, 2900, 2900, 2900, 2900,
	2900, 2900, 2900, 2900, 2900, 2900, 2900, 2900, 2900, 2900, 2900, 2900, 2900, 2900, 2900,
	2900, 2900, 2900, 2900, 2900, 2900, 2900, 2900, 2900, 2900, 2900, 2900, 2900, 2900, 2900,
	2900, 2900, 2900, 2900, 2900, 2900, 2900, 2900, 2900, 2900, 2900, 2900, 2900, 2900, 2900,
	2900, 2900, 2900, 2900, 2900, 2900, 2900, 2900, 2900, 2900, 2900, 2900, 2900, 2900, 2900,
	2900, 2900, 2900, 2900, 2900, 2900, 2900, 2900, 2900, 2900, 2900, 2900, 2900, 2900, 2900,
	2900, 2900, 2900, 2900, 2900, 2900, 2900, 2900, 2900, 2900, 2900, 2900, 2900, 2900, 2900,
}
OPEN_Upper = {
	4400, 4400, 4400, 4400, 4400, 4400, 4400, 4400, 4400, 4400, 4400, 4400, 4400, 4400, 4400,
	4400, 4400, 4400, 4400, 4400, 4400, 4400, 4400, 4400, 4400, 4400, 4400, 4400, 4400, 4400,
	4400, 4400, 4400, 4400, 4400, 4400, 4400, 4400, 4400, 4400, 4400, 4400, 4400, 4400, 4400,
	4400, 4400, 4400, 4400, 4400, 4400, 4400, 4400, 4400, 4400, 4400, 4400, 4400, 4400, 4400,
	4400, 4400, 4400, 4400, 4400, 4400, 4400, 4400, 4400, 4400, 4400, 4400, 4400, 4400, 4400,
	4400, 4400, 4400, 4400, 4400, 4400, 4400, 4400, 4400, 4400, 4400, 4400, 4400, 4400, 4400,
	4400, 4400, 4400, 4400, 4400, 4400, 4400, 4400, 4400, 4400, 4400, 4400, 4400, 4400, 4400,
	4400, 4400, 4400, 4400, 4400, 4400, 4400, 4400, 4400, 4400, 4400, 4400, 4400, 4400, 4400,
	4400, 4400, 4400, 4400, 4400, 4400, 4400, 4400, 4400, 4400, 4400, 4400, 4400, 4400, 4400,
	4400, 4400, 4400, 4400, 4400, 4400, 4400, 4400, 4400, 4400, 4400, 4400, 4400, 4400, 4400,
	4400, 4400, 4400, 4400, 4400, 4400, 4400, 4400, 4400, 4400, 4400, 4400, 4400, 4400, 4400,
	4400, 4400, 4400, 4400, 4400, 4400, 4400, 4400, 4400, 4400, 4400, 4400, 4400, 4400, 4400,
	4400, 4400, 4400, 4400, 4400, 4400, 4400, 4400, 4400, 4400, 4400, 4400, 4400, 4400, 4400,
	4400, 4400, 4400, 4400, 4400, 4400, 4400, 4400, 4400, 4400, 4400, 4400, 4400, 4400, 4400,
	4400, 4400, 4400, 4400, 4400, 4400, 4400, 4400, 4400, 4400, 4400, 4400, 4400, 4400, 4400,
	4400, 4400, 4400, 4400, 4400, 4400, 4400, 4400, 4400, 4400, 4400, 4400, 4400, 4400, 4400,
	4400, 4400, 4400, 4400, 4400, 4400, 4400, 4400, 4400, 4400, 4400, 4400, 4400, 4400, 4400,
	4400, 4400, 4400, 4400, 4400, 4400, 4400, 4400, 4400, 4400, 4400, 4400, 4400, 4400, 4400,
	4400, 4400, 4400, 4400, 4400, 4400, 4400, 4400, 4400, 4400, 4400, 4400, 4400, 4400, 4400,
	4400, 4400, 4400, 4400, 4400, 4400, 4400, 4400, 4400, 4400, 4400, 4400, 4400, 4400, 4400,
	4400, 4400, 4400, 4400, 4400, 4400, 4400, 4400, 4400, 4400, 4400, 4400, 4400, 4400, 4400,
	4400, 4400, 4400, 4400, 4400, 4400, 4400, 4400, 4400, 4400, 4400, 4400, 4400, 4400, 4400,
	4400, 4400, 4400, 4400, 4400, 4400, 4400, 4400, 4400, 4400, 4400, 4400, 4400, 4400, 4400,
	4400, 4400, 4400, 4400, 4400, 4400, 4400, 4400, 4400, 4400, 4400, 4400, 4400, 4400, 4400,
	4400, 4400, 4400, 4400, 4400, 4400, 4400, 4400, 4400, 4400, 4400, 4400, 4400, 4400, 4400,
	4400, 4400, 4400, 4400, 4400, 4400, 4400, 4400, 4400, 4400, 4400, 4400, 4400, 4400, 4400,
}
SHORT_T_Lower = {
	1950, 1950, 1950, 1950, 1950, 1950, 1950, 1950, 1950, 1950, 1950, 1950, 1950, 1950, 1950,
	1950, 1950, 1950, 1950, 1950, 1950, 1950, 1950, 1950, 1950, 1950, 1950, 1950, 1950, 1950,
	1950, 1950, 1950, 1950, 1950, 1950, 1950, 1950, 1950, 1950, 1950, 1950, 1950, 1950, 1950,
	1950, 1950, 1950, 1950, 1950, 1950, 1950, 1950, 1950, 1950, 1950, 1950, 1950, 1950, 1950,
	1950, 1950, 1950, 1950, 1950, 1950, 1950, 1950, 1950, 1950, 1950, 1950, 1950, 1950, 1950,
	1950, 1950, 1950, 1950, 1950, 1950, 1950, 1950, 1950, 1950, 1950, 1950, 1950, 1950, 1950,
	1950, 1950, 1950, 1950, 1950, 1950, 1950, 1950, 1950, 1950, 1950, 1950, 1950, 1950, 1950,
	1950, 1950, 1950, 1950, 1950, 1950, 1950, 1950, 1950, 1950, 1950, 1950, 1950, 1950, 1950,
	1950, 1950, 1950, 1950, 1950, 1950, 1950, 1950, 1950, 1950, 1950, 1950, 1950, 1950, 1950,
	1950, 1950, 1950, 1950, 1950, 1950, 1950, 1950, 1950, 1950, 1950, 1950, 1950, 1950, 1950,
	1950, 1950, 1950, 1950, 1950, 1950, 1950, 1950, 1950, 1950, 1950, 1950, 1950, 1950, 1950,
	1950, 1950, 1950, 1950, 1950, 1950, 1950, 1950, 1950, 1950, 1950, 1950, 1950, 1950, 1950,
	1950, 1950, 1950, 1950, 1950, 1950, 1950, 1950, 1950, 1950, 1950, 1950, 1950, 1950, 1950,
	1950, 1950, 1950, 1950, 1950, 1950, 1950, 1950, 1950, 1950, 1950, 1950, 1950, 1950, 1950,
	1950, 1950, 1950, 1950, 1950, 1950, 1950, 1950, 1950, 1950, 1950, 1950, 1950, 1950, 1950,
	1950, 1950, 1950, 1950, 1950, 1950, 1950, 1950, 1950, 1950, 1950, 1950, 1950, 1950, 1950,
	1950, 1950, 1950, 1950, 1950, 1950, 1950, 1950, 1950, 1950, 1950, 1950, 1950, 1950, 1950,
	1950, 1950, 1950, 1950, 1950, 1950, 1950, 1950, 1950, 1950, 1950, 1950, 1950, 1950, 1950,
	1950, 1950, 1950, 1950, 1950, 1950, 1950, 1950, 1950, 1950, 1950, 1950, 1950, 1950, 1950,
	1950, 1950, 1950, 1950, 1950, 1950, 1950, 1950, 1950, 1950, 1950, 1950, 1950, 1950, 1950,
	1950, 1950, 1950, 1950, 1950, 1950, 1950, 1950, 1950, 1950, 1950, 1950, 1950, 1950, 1950,
	1950, 1950, 1950, 1950, 1950, 1950, 1950, 1950, 1950, 1950, 1950, 1950, 1950, 1950, 1950,
	1950, 1950, 1950, 1950, 1950, 1950, 1950, 1950, 1950, 1950, 1950, 1950, 1950, 1950, 1950,
	1950, 1950, 1950, 1950, 1950, 1950, 1950, 1950, 1950, 1950, 1950, 1950, 1950, 1950, 1950,
	1950, 1950, 1950, 1950, 1950, 1950, 1950, 1950, 1950, 1950, 1950, 1950, 1950, 1950, 1950,
	1950, 1950, 1950, 1950, 1950, 1950, 1950, 1950, 1950, 1950, 1950, 1950, 1950, 1950, 1950,
}
SHORT_T_Upper = {
	2150, 2150, 2150, 2150, 2150, 2150, 2150, 2150, 2150, 2150, 2150, 2150, 2150, 2150, 2150,
	2150, 2150, 2150, 2150, 2150, 2150, 2150, 2150, 2150, 2150, 2150, 2150, 2150, 2150, 2150,
	2150, 2150, 2150, 2150, 2150, 2150, 2150, 2150, 2150, 2150, 2150, 2150, 2150, 2150, 2150,
	2150, 2150, 2150, 2150, 2150, 2150, 2150, 2150, 2150, 2150, 2150, 2150, 2150, 2150, 2150,
	2150, 2150, 2150, 2150, 2150, 2150, 2150, 2150, 2150, 2150, 2150, 2150, 2150, 2150, 2150,
	2150, 2150, 2150, 2150, 2150, 2150, 2150, 2150, 2150, 2150, 2150, 2150, 2150, 2150, 2150,
	2150, 2150, 2150, 2150, 2150, 2150, 2150, 2150, 2150, 2150, 2150, 2150, 2150, 2150, 2150,
	2150, 2150, 2150, 2150, 2150, 2150, 2150, 2150, 2150, 2150, 2150, 2150, 2150, 2150, 2150,
	2150, 2150, 2150, 2150, 2150, 2150, 2150, 2150, 2150, 2150, 2150, 2150, 2150, 2150, 2150,
	2150, 2150, 2150, 2150, 2150, 2150, 2150, 2150, 2150, 2150, 2150, 2150, 2150, 2150, 2150,
	2150, 2150, 2150, 2150, 2150, 2150, 2150, 2150, 2150, 2150, 2150, 2150, 2150, 2150, 2150,
	2150, 2150, 2150, 2150, 2150, 2150, 2150, 2150, 2150, 2150, 2150, 2150, 2150, 2150, 2150,
	2150, 2150, 2150, 2150, 2150, 2150, 2150, 2150, 2150, 2150, 2150, 2150, 2150, 2150, 2150,
	2150, 2150, 2150, 2150, 2150, 2150, 2150, 2150, 2150, 2150, 2150, 2150, 2150, 2150, 2150,
	2150, 2150, 2150, 2150, 2150, 2150, 2150, 2150, 2150, 2150, 2150, 2150, 2150, 2150, 2150,
	2150, 2150, 2150, 2150, 2150, 2150, 2150, 2150, 2150, 2150, 2150, 2150, 2150, 2150, 2150,
	2150, 2150, 2150, 2150, 2150, 2150, 2150, 2150, 2150, 2150, 2150, 2150, 2150, 2150, 2150,
	2150, 2150, 2150, 2150, 2150, 2150, 2150, 2150, 2150, 2150, 2150, 2150, 2150, 2150, 2150,
	2150, 2150, 2150, 2150, 2150, 2150, 2150, 2150, 2150, 2150, 2150, 2150, 2150, 2150, 2150,
	2150, 2150, 2150, 2150, 2150, 2150, 2150, 2150, 2150, 2150, 2150, 2150, 2150, 2150, 2150,
	2150, 2150, 2150, 2150, 2150, 2150, 2150, 2150, 2150, 2150, 2150, 2150, 2150, 2150, 2150,
	2150, 2150, 2150, 2150, 2150, 2150, 2150, 2150, 2150, 2150, 2150, 2150, 2150, 2150, 2150,
	2150, 2150, 2150, 2150, 2150, 2150, 2150, 2150, 2150, 2150, 2150, 2150, 2150, 2150, 2150,
	2150, 2150, 2150, 2150, 2150, 2150, 2150, 2150, 2150, 2150, 2150, 2150, 2150, 2150, 2150,
	2150, 2150, 2150, 2150, 2150, 2150, 2150, 2150, 2150, 2150, 2150, 2150, 2150, 2150, 2150,
	2150, 2150, 2150, 2150, 2150, 2150, 2150, 2150, 2150, 2150, 2150, 2150, 2150, 2150, 2150,
}
SHORT_Lower = {
	1830, 1830, 1830, 1830, 1830, 1830, 1830, 1830, 1830, 1830, 1830, 1830, 1830, 1830, 1830,
	1830, 1830, 1830, 1830, 1830, 1830, 1830, 1830, 1830, 1830, 1830, 1830, 1830, 1830, 1830,
	1830, 1830, 1830, 1830, 1830, 1830, 1830, 1830, 1830, 1830, 1830, 1830, 1830, 1830, 1830,
	1830, 1830, 1830, 1830, 1830, 1830, 1830, 1830, 1830, 1830, 1830, 1830, 1830, 1830, 1830,
	1830, 1830, 1830, 1830, 1830, 1830, 1830, 1830, 1830, 1830, 1830, 1830, 1830, 1830, 1830,
	1830, 1830, 1830, 1830, 1830, 1830, 1830, 1830, 1830, 1830, 1830, 1830, 1830, 1830, 1830,
	1830, 1830, 1830, 1830, 1830, 1830, 1830, 1830, 1830, 1830, 1830, 1830, 1830, 1830, 1830,
	1830, 1830, 1830, 1830, 1830, 1830, 1830, 1830, 1830, 1830, 1830, 1830, 1830, 1830, 1830,
	1830, 1830, 1830, 1830, 1830, 1830, 1830, 1830, 1830, 1830, 1830, 1830, 1830, 1830, 1830,
	1830, 1830, 1830, 1830, 1830, 1830, 1830, 1830, 1830, 1830, 1830, 1830, 1830, 1830, 1830,
	1830, 1830, 1830, 1830, 1830, 1830, 1830, 1830, 1830, 1830, 1830, 1830, 1830, 1830, 1830,
	1830, 1830, 1830, 1830, 1830, 1830, 1830, 1830, 1830, 1830, 1830, 1830, 1830, 1830, 1830,
	1830, 1830, 1830, 1830, 1830, 1830, 1830, 1830, 1830, 1830, 1830, 1830, 1830, 1830, 1830,
	1830, 1830, 1830, 1830, 1830, 1830, 1830, 1830, 1830, 1830, 1830, 1830, 1830, 1830, 1830,
	1830, 1830, 1830, 1830, 1830, 1830, 1830, 1830, 1830, 1830, 1830, 1830, 1830, 1830, 1830,
	1830, 1830, 1830, 1830, 1830, 1830, 1830, 1830, 1830, 1830, 1830, 1830, 1830, 1830, 1830,
	1830, 1830, 1830, 1830, 1830, 1830, 1830, 1830, 1830, 1830, 1830, 1830, 1830, 1830, 1830,
	1830, 1830, 1830, 1830, 1830, 1830, 1830, 1830, 1830, 1830, 1830, 1830, 1830, 1830, 1830,
	1830, 1830, 1830, 1830, 1830, 1830, 1830, 1830, 1830, 1830, 1830, 1830, 1830, 1830, 1830,
	1830, 1830, 1830, 1830, 1830, 1830, 1830, 1830, 1830, 1830, 1830, 1830, 1830, 1830, 1830,
	1830, 1830, 1830, 1830, 1830, 1830, 1830, 1830, 1830, 1830, 1830, 1830, 1830, 1830, 1830,
	1830, 1830, 1830, 1830, 1830, 1830, 1830, 1830, 1830, 1830, 1830, 1830, 1830, 1830, 1830,
	1830, 1830, 1830, 1830, 1830, 1830, 1830, 1830, 1830, 1830, 1830, 1830, 1830, 1830, 1830,
	1830, 1830, 1830, 1830, 1830, 1830, 1830, 1830, 1830, 1830, 1830, 1830, 1830, 1830, 1830,
	1830, 1830, 1830, 1830, 1830, 1830, 1830, 1830, 1830, 1830, 1830, 1830, 1830, 1830, 1830,
	1830, 1830, 1830, 1830, 1830, 1830, 1830, 1830, 1830, 1830, 1830, 1830, 1830, 1830, 1830,
}
SHORT_Upper = {
	2070, 2070, 2070, 2070, 2070, 2070, 2070, 2070, 2070, 2070, 2070, 2070, 2070, 2070, 2070,
	2070, 2070, 2070, 2070, 2070, 2070, 2070, 2070, 2070, 2070, 2070, 2070, 2070, 2070, 2070,
	2070, 2070, 2070, 2070, 2070, 2070, 2070, 2070, 2070, 2070, 2070, 2070, 2070, 2070, 2070,
	2070, 2070, 2070, 2070, 2070, 2070, 2070, 2070, 2070, 2070, 2070, 2070, 2070, 2070, 2070,
	2070, 2070, 2070, 2070, 2070, 2070, 2070, 2070, 2070, 2070, 2070, 2070, 2070, 2070, 2070,
	2070, 2070, 2070, 2070, 2070, 2070, 2070, 2070, 2070, 2070, 2070, 2070, 2070, 2070, 2070,
	2070, 2070, 2070, 2070, 2070, 2070, 2070, 2070, 2070, 2070, 2070, 2070, 2070, 2070, 2070,
	2070, 2070, 2070, 2070, 2070, 2070, 2070, 2070, 2070, 2070, 2070, 2070, 2070, 2070, 2070,
	2070, 2070, 2070, 2070, 2070, 2070, 2070, 2070, 2070, 2070, 2070, 2070, 2070, 2070, 2070,
	2070, 2070, 2070, 2070, 2070, 2070, 2070, 2070, 2070, 2070, 2070, 2070, 2070, 2070, 2070,
	2070, 2070, 2070, 2070, 2070, 2070, 2070, 2070, 2070, 2070, 2070, 2070, 2070, 2070, 2070,
	2070, 2070, 2070, 2070, 2070, 2070, 2070, 2070, 2070, 2070, 2070, 2070, 2070, 2070, 2070,
	2070, 2070, 2070, 2070, 2070, 2070, 2070, 2070, 2070, 2070, 2070, 2070, 2070, 2070, 2070,
	2070, 2070, 2070, 2070, 2070, 2070, 2070, 2070, 2070, 2070, 2070, 2070, 2070, 2070, 2070,
	2070, 2070, 2070, 2070, 2070, 2070, 2070, 2070, 2070, 2070, 2070, 2070, 2070, 2070, 2070,
	2070, 2070, 2070, 2070, 2070, 2070, 2070, 2070, 2070, 2070, 2070, 2070, 2070, 2070, 2070,
	2070, 2070, 2070, 2070, 2070, 2070, 2070, 2070, 2070, 2070, 2070, 2070, 2070, 2070, 2070,
	2070, 2070, 2070, 2070, 2070, 2070, 2070, 2070, 2070, 2070, 2070, 2070, 2070, 2070, 2070,
	2070, 2070, 2070, 2070, 2070, 2070, 2070, 2070, 2070, 2070, 2070, 2070, 2070, 2070, 2070,
	2070, 2070, 2070, 2070, 2070, 2070, 2070, 2070, 2070, 2070, 2070, 2070, 2070, 2070, 2070,
	2070, 2070, 2070, 2070, 2070, 2070, 2070, 2070, 2070, 2070, 2070, 2070, 2070, 2070, 2070,
	2070, 2070, 2070, 2070, 2070, 2070, 2070, 2070, 2070, 2070, 2070, 2070, 2070, 2070, 2070,
	2070, 2070, 2070, 2070, 2070, 2070, 2070, 2070, 2070, 2070, 2070, 2070, 2070, 2070, 2070,
	2070, 2070, 2070, 2070, 2070, 2070, 2070, 2070, 2070, 2070, 2070, 2070, 2070, 2070, 2070,
	2070, 2070, 2070, 2070, 2070, 2070, 2070, 2070, 2070, 2070, 2070, 2070, 2070, 2070, 2070,
	2070, 2070, 2070, 2070, 2070, 2070, 2070, 2070, 2070, 2070, 2070, 2070, 2070, 2070, 2070,
}
U3_BLU_JITTER_T_Lower = {
	0, 0, 0, 0, 0, 0, 0, 0, 0, 0, 0, 0, 0, 0, 0,
	0, 0, 0, 0, 0, 0, 0, 0, 0, 0, 0, 0, 0, 0, 0,
	0, 0, 0, 0, 0, 0, 0, 0, 0, 0, 0, 0, 0, 0, 0,
	0, 0, 0, 0, 0, 0, 0, 0, 0, 0, 0, 0, 0, 0, 0,
	0, 0, 0, 0, 0, 0, 0, 0, 0, 0, 0, 0, 0, 0, 0,
	0, 0, 0, 0, 0, 0, 0, 0, 0, 0, 0, 0, 0, 0, 0,
	0, 0, 0, 0, 0, 0, 0, 0, 0, 0, 0, 0, 0, 0, 0,
	0, 0, 0, 0, 0, 0, 0, 0, 0, 0, 0, 0, 0, 0, 0,
	0, 0, 0, 0, 0, 0, 0, 0, 0, 0, 0, 0, 0, 0, 0,
	0, 0, 0, 0, 0, 0, 0, 0, 0, 0, 0, 0, 0, 0, 0,
	0, 0, 0, 0, 0, 0, 0, 0, 0, 0, 0, 0, 0, 0, 0,
	0, 0, 0, 0, 0, 0, 0, 0, 0, 0, 0, 0, 0, 0, 0,
	0, 0, 0, 0, 0, 0, 0, 0, 0, 0, 0, 0, 0, 0, 0,
	0, 0, 0, 0, 0, 0, 0, 0, 0, 0, 0, 0, 0, 0, 0,
	0, 0, 0, 0, 0, 0, 0, 0, 0, 0, 0, 0, 0, 0, 0,
	0, 0, 0, 0, 0, 0, 0, 0, 0, 0, 0, 0, 0, 0, 0,
	0, 0, 0, 0, 0, 0, 0, 0, 0, 0, 0, 0, 0, 0, 0,
	0, 0, 0, 0, 0, 0, 0, 0, 0, 0, 0, 0, 0, 0, 0,
	0, 0, 0, 0, 0, 0, 0, 0, 0, 0, 0, 0, 0, 0, 0,
	0, 0, 0, 0, 0, 0, 0, 0, 0, 0, 0, 0, 0, 0, 0,
	0, 0, 0, 0, 0, 0, 0, 0, 0, 0, 0, 0, 0, 0, 0,
	0, 0, 0, 0, 0, 0, 0, 0, 0, 0, 0, 0, 0, 0, 0,
	0, 0, 0, 0, 0, 0, 0, 0, 0, 0, 0, 0, 0, 0, 0,
	0, 0, 0, 0, 0, 0, 0, 0, 0, 0, 0, 0, 0, 0, 0,
	0, 0, 0, 0, 0, 0, 0, 0, 0, 0, 0, 0, 0, 0, 0,
	0, 0, 0, 0, 0, 0, 0, 0, 0, 0, 0, 0, 0, 0, 0,
}
U3_BLU_JITTER_T_Upper = {
	70, 70, 70, 70, 70, 70, 70, 70, 70, 70, 70, 70, 70, 70, 70,
	70, 70, 70, 70, 70, 70, 70, 70, 70, 70, 70, 70, 70, 70, 70,
	70, 70, 70, 70, 70, 70, 70, 70, 70, 70, 70, 70, 70, 70, 70,
	70, 70, 70, 70, 70, 70, 70, 70, 70, 70, 70, 70, 70, 70, 70,
	70, 70, 70, 70, 70, 70, 70, 70, 70, 70, 70, 70, 70, 70, 70,
	70, 70, 70, 70, 70, 70, 70, 70, 70, 70, 70, 70, 70, 70, 70,
	70, 70, 70, 70, 70, 70, 70, 70, 70, 70, 70, 70, 70, 70, 70,
	70, 70, 70, 70, 70, 70, 70, 70, 70, 70, 70, 70, 70, 70, 70,
	70, 70, 70, 70, 70, 70, 70, 70, 70, 70, 70, 70, 70, 70, 70,
	70, 70, 70, 70, 70, 70, 70, 70, 70, 70, 70, 70, 70, 70, 70,
	70, 70, 70, 70, 70, 70, 70, 70, 70, 70, 70, 70, 70, 70, 70,
	70, 70, 70, 70, 70, 70, 70, 70, 70, 70, 70, 70, 70, 70, 70,
	70, 70, 70, 70, 70, 70, 70, 70, 70, 70, 70, 70, 70, 70, 70,
	70, 70, 70, 70, 70, 70, 70, 70, 70, 70, 70, 70, 70, 70, 70,
	70, 70, 70, 70, 70, 70, 70, 70, 70, 70, 70, 70, 70, 70, 70,
	70, 70, 70, 70, 70, 70, 70, 70, 70, 70, 70, 70, 70, 70, 70,
	70, 70, 70, 70, 70, 70, 70, 70, 70, 70, 70, 70, 70, 70, 70,
	70, 70, 70, 70, 70, 70, 70, 70, 70, 70, 70, 70, 70, 70, 70,
	70, 70, 70, 70, 70, 70, 70, 70, 70, 70, 70, 70, 70, 70, 70,
	70, 70, 70, 70, 70, 70, 70, 70, 70, 70, 70, 70, 70, 70, 70,
	70, 70, 70, 70, 70, 70, 70, 70, 70, 70, 70, 70, 70, 70, 70,
	70, 70, 70, 70, 70, 70, 70, 70, 70, 70, 70, 70, 70, 70, 70,
	70, 70, 70, 70, 70, 70, 70, 70, 70, 70, 70, 70, 70, 70, 70,
	70, 70, 70, 70, 70, 70, 70, 70, 70, 70, 70, 70, 70, 70, 70,
	70, 70, 70, 70, 70, 70, 70, 70, 70, 70, 70, 70, 70, 70, 70,
	70, 70, 70, 70, 70, 70, 70, 70, 70, 70, 70, 70, 70, 70, 70,
}
U3_BLU_JITTER_Lower = {
	0, 0, 0, 0, 0, 0, 0, 0, 0, 0, 0, 0, 0, 0, 0,
	0, 0, 0, 0, 0, 0, 0, 0, 0, 0, 0, 0, 0, 0, 0,
	0, 0, 0, 0, 0, 0, 0, 0, 0, 0, 0, 0, 0, 0, 0,
	0, 0, 0, 0, 0, 0, 0, 0, 0, 0, 0, 0, 0, 0, 0,
	0, 0, 0, 0, 0, 0, 0, 0, 0, 0, 0, 0, 0, 0, 0,
	0, 0, 0, 0, 0, 0, 0, 0, 0, 0, 0, 0, 0, 0, 0,
	0, 0, 0, 0, 0, 0, 0, 0, 0, 0, 0, 0, 0, 0, 0,
	0, 0, 0, 0, 0, 0, 0, 0, 0, 0, 0, 0, 0, 0, 0,
	0, 0, 0, 0, 0, 0, 0, 0, 0, 0, 0, 0, 0, 0, 0,
	0, 0, 0, 0, 0, 0, 0, 0, 0, 0, 0, 0, 0, 0, 0,
	0, 0, 0, 0, 0, 0, 0, 0, 0, 0, 0, 0, 0, 0, 0,
	0, 0, 0, 0, 0, 0, 0, 0, 0, 0, 0, 0, 0, 0, 0,
	0, 0, 0, 0, 0, 0, 0, 0, 0, 0, 0, 0, 0, 0, 0,
	0, 0, 0, 0, 0, 0, 0, 0, 0, 0, 0, 0, 0, 0, 0,
	0, 0, 0, 0, 0, 0, 0, 0, 0, 0, 0, 0, 0, 0, 0,
	0, 0, 0, 0, 0, 0, 0, 0, 0, 0, 0, 0, 0, 0, 0,
	0, 0, 0, 0, 0, 0, 0, 0, 0, 0, 0, 0, 0, 0, 0,
	0, 0, 0, 0, 0, 0, 0, 0, 0, 0, 0, 0, 0, 0, 0,
	0, 0, 0, 0, 0, 0, 0, 0, 0, 0, 0, 0, 0, 0, 0,
	0, 0, 0, 0, 0, 0, 0, 0, 0, 0, 0, 0, 0, 0, 0,
	0, 0, 0, 0, 0, 0, 0, 0, 0, 0, 0, 0, 0, 0, 0,
	0, 0, 0, 0, 0, 0, 0, 0, 0, 0, 0, 0, 0, 0, 0,
	0, 0, 0, 0, 0, 0, 0, 0, 0, 0, 0, 0, 0, 0, 0,
	0, 0, 0, 0, 0, 0, 0, 0, 0, 0, 0, 0, 0, 0, 0,
	0, 0, 0, 0, 0, 0, 0, 0, 0, 0, 0, 0, 0, 0, 0,
	0, 0, 0, 0, 0, 0, 0, 0, 0, 0, 0, 0, 0, 0, 0,
}
U3_BLU_JITTER_Upper = {
	70, 70, 70, 70, 70, 70, 70, 70, 70, 70, 70, 70, 70, 70, 70,
	70, 70, 70, 70, 70, 70, 70, 70, 70, 70, 70, 70, 70, 70, 70,
	70, 70, 70, 70, 70, 70, 70, 70, 70, 70, 70, 70, 70, 70, 70,
	70, 70, 70, 70, 70, 70, 70, 70, 70, 70, 70, 70, 70, 70, 70,
	70, 70, 70, 70, 70, 70, 70, 70, 70, 70, 70, 70, 70, 70, 70,
	70, 70, 70, 70, 70, 70, 70, 70, 70, 70, 70, 70, 70, 70, 70,
	70, 70, 70, 70, 70, 70, 70, 70, 70, 70, 70, 70, 70, 70, 70,
	70, 70, 70, 70, 70, 70, 70, 70, 70, 70, 70, 70, 70, 70, 70,
	70, 70, 70, 70, 70, 70, 70, 70, 70, 70, 70, 70, 70, 70, 70,
	70, 70, 70, 70, 70, 70, 70, 70, 70, 70, 70, 70, 70, 70, 70,
	70, 70, 70, 70, 70, 70, 70, 70, 70, 70, 70, 70, 70, 70, 70,
	70, 70, 70, 70, 70, 70, 70, 70, 70, 70, 70, 70, 70, 70, 70,
	70, 70, 70, 70, 70, 70, 70, 70, 70, 70, 70, 70, 70, 70, 70,
	70, 70, 70, 70, 70, 70, 70, 70, 70, 70, 70, 70, 70, 70, 70,
	70, 70, 70, 70, 70, 70, 70, 70, 70, 70, 70, 70, 70, 70, 70,
	70, 70, 70, 70, 70, 70, 70, 70, 70, 70, 70, 70, 70, 70, 70,
	70, 70, 70, 70, 70, 70, 70, 70, 70, 70, 70, 70, 70, 70, 70,
	70, 70, 70, 70, 70, 70, 70, 70, 70, 70, 70, 70, 70, 70, 70,
	70, 70, 70, 70, 70, 70, 70, 70, 70, 70, 70, 70, 70, 70, 70,
	70, 70, 70, 70, 70, 70, 70, 70, 70, 70, 70, 70, 70, 70, 70,
	70, 70, 70, 70, 70, 70, 70, 70, 70, 70, 70, 70, 70, 70, 70,
	70, 70, 70, 70, 70, 70, 70, 70, 70, 70, 70, 70, 70, 70, 70,
	70, 70, 70, 70, 70, 70, 70, 70, 70, 70, 70, 70, 70, 70, 70,
	70, 70, 70, 70, 70, 70, 70, 70, 70, 70, 70, 70, 70, 70, 70,
	70, 70, 70, 70, 70, 70, 70, 70, 70, 70, 70, 70, 70, 70, 70,
	70, 70, 70, 70, 70, 70, 70, 70, 70, 70, 70, 70, 70, 70, 70,
}
U3_JITTER_T_Lower = {
	0, 0, 0, 0, 0, 0, 0, 0, 0, 0, 0, 0, 0, 0, 0,
	0, 0, 0, 0, 0, 0, 0, 0, 0, 0, 0, 0, 0, 0, 0,
	0, 0, 0, 0, 0, 0, 0, 0, 0, 0, 0, 0, 0, 0, 0,
	0, 0, 0, 0, 0, 0, 0, 0, 0, 0, 0, 0, 0, 0, 0,
	0, 0, 0, 0, 0, 0, 0, 0, 0, 0, 0, 0, 0, 0, 0,
	0, 0, 0, 0, 0, 0, 0, 0, 0, 0, 0, 0, 0, 0, 0,
	0, 0, 0, 0, 0, 0, 0, 0, 0, 0, 0, 0, 0, 0, 0,
	0, 0, 0, 0, 0, 0, 0, 0, 0, 0, 0, 0, 0, 0, 0,
	0, 0, 0, 0, 0, 0, 0, 0, 0, 0, 0, 0, 0, 0, 0,
	0, 0, 0, 0, 0, 0, 0, 0, 0, 0, 0, 0, 0, 0, 0,
	0, 0, 0, 0, 0, 0, 0, 0, 0, 0, 0, 0, 0, 0, 0,
	0, 0, 0, 0, 0, 0, 0, 0, 0, 0, 0, 0, 0, 0, 0,
	0, 0, 0, 0, 0, 0, 0, 0, 0, 0, 0, 0, 0, 0, 0,
	0, 0, 0, 0, 0, 0, 0, 0, 0, 0, 0, 0, 0, 0, 0,
	0, 0, 0, 0, 0, 0, 0, 0, 0, 0, 0, 0, 0, 0, 0,
	0, 0, 0, 0, 0, 0, 0, 0, 0, 0, 0, 0, 0, 0, 0,
	0, 0, 0, 0, 0, 0, 0, 0, 0, 0, 0, 0, 0, 0, 0,
	0, 0, 0, 0, 0, 0, 0, 0, 0, 0, 0, 0, 0, 0, 0,
	0, 0, 0, 0, 0, 0, 0, 0, 0, 0, 0, 0, 0, 0, 0,
	0, 0, 0, 0, 0, 0, 0, 0, 0, 0, 0, 0, 0, 0, 0,
	0, 0, 0, 0, 0, 0, 0, 0, 0, 0, 0, 0, 0, 0, 0,
	0, 0, 0, 0, 0, 0, 0, 0, 0, 0, 0, 0, 0, 0, 0,
	0, 0, 0, 0, 0, 0, 0, 0, 0, 0, 0, 0, 0, 0, 0,
	0, 0, 0, 0, 0, 0, 0, 0, 0, 0, 0, 0, 0, 0, 0,
	0, 0, 0, 0, 0, 0, 0, 0, 0, 0, 0, 0, 0, 0, 0,
	0, 0, 0, 0, 0, 0, 0, 0, 0, 0, 0, 0, 0, 0, 0,
}
U3_JITTER_T_Upper = {
	50, 50, 50, 50, 50, 50, 50, 50, 50, 50, 50, 50, 50, 50, 50,
	50, 50, 50, 50, 50, 50, 50, 50, 50, 50, 50, 50, 50, 50, 50,
	50, 50, 50, 50, 50, 50, 50, 50, 50, 50, 50, 50, 50, 50, 50,
	50, 50, 50, 50, 50, 50, 50, 50, 50, 50, 50, 50, 50, 50, 50,
	50, 50, 50, 50, 50, 50, 50, 50, 50, 50, 50, 50, 50, 50, 50,
	50, 50, 50, 50, 50, 50, 50, 50, 50, 50, 50, 50, 50, 50, 50,
	50, 50, 50, 50, 50, 50, 50, 50, 50, 50, 50, 50, 50, 50, 50,
	50, 50, 50, 50, 50, 50, 50, 50, 50, 50, 50, 50, 50, 50, 50,
	50, 50, 50, 50, 50, 50, 50, 50, 50, 50, 50, 50, 50, 50, 50,
	50, 50, 50, 50, 50, 50, 50, 50, 50, 50, 50, 50, 50, 50, 50,
	50, 50, 50, 50, 50, 50, 50, 50, 50, 50, 50, 50, 50, 50, 50,
	50, 50, 50, 50, 50, 50, 50, 50, 50, 50, 50, 50, 50, 50, 50,
	50, 50, 50, 50, 50, 50, 50, 50, 50, 50, 50, 50, 50, 50, 50,
	50, 50, 50, 50, 50, 50, 50, 50, 50, 50, 50, 50, 50, 50, 50,
	50, 50, 50, 50, 50, 50, 50, 50, 50, 50, 50, 50, 50, 50, 50,
	50, 50, 50, 50, 50, 50, 50, 50, 50, 50, 50, 50, 50, 50, 50,
	50, 50, 50, 50, 50, 50, 50, 50, 50, 50, 50, 50, 50, 50, 50,
	50, 50, 50, 50, 50, 50, 50, 50, 50, 50, 50, 50, 50, 50, 50,
	50, 50, 50, 50, 50, 50, 50, 50, 50, 50, 50, 50, 50, 50, 50,
	50, 50, 50, 50, 50, 50, 50, 50, 50, 50, 50, 50, 50, 50, 50,
	50, 50, 50, 50, 50, 50, 50, 50, 50, 50, 50, 50, 50, 50, 50,
	50, 50, 50, 50, 50, 50, 50, 50, 50, 50, 50, 50, 50, 50, 50,
	50, 50, 50, 50, 50, 50, 50, 50, 50, 50, 50, 50, 50, 50, 50,
	50, 50, 50, 50, 50, 50, 50, 50, 50, 50, 50, 50, 50, 50, 50,
	50, 50, 50, 50, 50, 50, 50, 50, 50, 50, 50, 50, 50, 50, 50,
	50, 50, 50, 50, 50, 50, 50, 50, 50, 50, 50, 50, 50, 50, 50,
}
U3_JITTER_Lower = {
	0, 0, 0, 0, 0, 0, 0, 0, 0, 0, 0, 0, 0, 0, 0,
	0, 0, 0, 0, 0, 0, 0, 0, 0, 0, 0, 0, 0, 0, 0,
	0, 0, 0, 0, 0, 0, 0, 0, 0, 0, 0, 0, 0, 0, 0,
	0, 0, 0, 0, 0, 0, 0, 0, 0, 0, 0, 0, 0, 0, 0,
	0, 0, 0, 0, 0, 0, 0, 0, 0, 0, 0, 0, 0, 0, 0,
	0, 0, 0, 0, 0, 0, 0, 0, 0, 0, 0, 0, 0, 0, 0,
	0, 0, 0, 0, 0, 0, 0, 0, 0, 0, 0, 0, 0, 0, 0,
	0, 0, 0, 0, 0, 0, 0, 0, 0, 0, 0, 0, 0, 0, 0,
	0, 0, 0, 0, 0, 0, 0, 0, 0, 0, 0, 0, 0, 0, 0,
	0, 0, 0, 0, 0, 0, 0, 0, 0, 0, 0, 0, 0, 0, 0,
	0, 0, 0, 0, 0, 0, 0, 0, 0, 0, 0, 0, 0, 0, 0,
	0, 0, 0, 0, 0, 0, 0, 0, 0, 0, 0, 0, 0, 0, 0,
	0, 0, 0, 0, 0, 0, 0, 0, 0, 0, 0, 0, 0, 0, 0,
	0, 0, 0, 0, 0, 0, 0, 0, 0, 0, 0, 0, 0, 0, 0,
	0, 0, 0, 0, 0, 0, 0, 0, 0, 0, 0, 0, 0, 0, 0,
	0, 0, 0, 0, 0, 0, 0, 0, 0, 0, 0, 0, 0, 0, 0,
	0, 0, 0, 0, 0, 0, 0, 0, 0, 0, 0, 0, 0, 0, 0,
	0, 0, 0, 0, 0, 0, 0, 0, 0, 0, 0, 0, 0, 0, 0,
	0, 0, 0, 0, 0, 0, 0, 0, 0, 0, 0, 0, 0, 0, 0,
	0, 0, 0, 0, 0, 0, 0, 0, 0, 0, 0, 0, 0, 0, 0,
	0, 0, 0, 0, 0, 0, 0, 0, 0, 0, 0, 0, 0, 0, 0,
	0, 0, 0, 0, 0, 0, 0, 0, 0, 0, 0, 0, 0, 0, 0,
	0, 0, 0, 0, 0, 0, 0, 0, 0, 0, 0, 0, 0, 0, 0,
	0, 0, 0, 0, 0, 0, 0, 0, 0, 0, 0, 0, 0, 0, 0,
	0, 0, 0, 0, 0, 0, 0, 0, 0, 0, 0, 0, 0, 0, 0,
	0, 0, 0, 0, 0, 0, 0, 0, 0, 0, 0, 0, 0, 0, 0,
}
U3_JITTER_Upper = {
	70, 70, 70, 70, 70, 70, 70, 70, 70, 70, 70, 70, 70, 70, 70,
	70, 70, 70, 70, 70, 70, 70, 70, 70, 70, 70, 70, 70, 70, 70,
	70, 70, 70, 70, 70, 70, 70, 70, 70, 70, 70, 70, 70, 70, 70,
	70, 70, 70, 70, 70, 70, 70, 70, 70, 70, 70, 70, 70, 70, 70,
	70, 70, 70, 70, 70, 70, 70, 70, 70, 70, 70, 70, 70, 70, 70,
	70, 70, 70, 70, 70, 70, 70, 70, 70, 70, 70, 70, 70, 70, 70,
	70, 70, 70, 70, 70, 70, 70, 70, 70, 70, 70, 70, 70, 70, 70,
	70, 70, 70, 70, 70, 70, 70, 70, 70, 70, 70, 70, 70, 70, 70,
	70, 70, 70, 70, 70, 70, 70, 70, 70, 70, 70, 70, 70, 70, 70,
	70, 70, 70, 70, 70, 70, 70, 70, 70, 70, 70, 70, 70, 70, 70,
	70, 70, 70, 70, 70, 70, 70, 70, 70, 70, 70, 70, 70, 70, 70,
	70, 70, 70, 70, 70, 70, 70, 70, 70, 70, 70, 70, 70, 70, 70,
	70, 70, 70, 70, 70, 70, 70, 70, 70, 70, 70, 70, 70, 70, 70,
	70, 70, 70, 70, 70, 70, 70, 70, 70, 70, 70, 70, 70, 70, 70,
	70, 70, 70, 70, 70, 70, 70, 70, 70, 70, 70, 70, 70, 70, 70,
	70, 70, 70, 70, 70, 70, 70, 70, 70, 70, 70, 70, 70, 70, 70,
	70, 70, 70, 70, 70, 70, 70, 70, 70, 70, 70, 70, 70, 70, 70,
	70, 70, 70, 70, 70, 70, 70, 70, 70, 70, 70, 70, 70, 70, 70,
	70, 70, 70, 70, 70, 70, 70, 70, 70, 70, 70, 70, 70, 70, 70,
	70, 70, 70, 70, 70, 70, 70, 70, 70, 70, 70, 70, 70, 70, 70,
	70, 70, 70, 70, 70, 70, 70, 70, 70, 70, 70, 70, 70, 70, 70,
	70, 70, 70, 70, 70, 70, 70, 70, 70, 70, 70, 70, 70, 70, 70,
	70, 70, 70, 70, 70, 70, 70, 70, 70, 70, 70, 70, 70, 70, 70,
	70, 70, 70, 70, 70, 70, 70, 70, 70, 70, 70, 70, 70, 70, 70,
	70, 70, 70, 70, 70, 70, 70, 70, 70, 70, 70, 70, 70, 70, 70,
	70, 70, 70, 70, 70, 70, 70, 70, 70, 70, 70, 70, 70, 70, 70,
}
U0_JITTER_T_Lower = {
	0, 0, 0, 0, 0, 0, 0, 0, 0, 0, 0, 0, 0, 0, 0,
	0, 0, 0, 0, 0, 0, 0, 0, 0, 0, 0, 0, 0, 0, 0,
	0, 0, 0, 0, 0, 0, 0, 0, 0, 0, 0, 0, 0, 0, 0,
	0, 0, 0, 0, 0, 0, 0, 0, 0, 0, 0, 0, 0, 0, 0,
	0, 0, 0, 0, 0, 0, 0, 0, 0, 0, 0, 0, 0, 0, 0,
	0, 0, 0, 0, 0, 0, 0, 0, 0, 0, 0, 0, 0, 0, 0,
	0, 0, 0, 0, 0, 0, 0, 0, 0, 0, 0, 0, 0, 0, 0,
	0, 0, 0, 0, 0, 0, 0, 0, 0, 0, 0, 0, 0, 0, 0,
	0, 0, 0, 0, 0, 0, 0, 0, 0, 0, 0, 0, 0, 0, 0,
	0, 0, 0, 0, 0, 0, 0, 0, 0, 0, 0, 0, 0, 0, 0,
	0, 0, 0, 0, 0, 0, 0, 0, 0, 0, 0, 0, 0, 0, 0,
	0, 0, 0, 0, 0, 0, 0, 0, 0, 0, 0, 0, 0, 0, 0,
	0, 0, 0, 0, 0, 0, 0, 0, 0, 0, 0, 0, 0, 0, 0,
	0, 0, 0, 0, 0, 0, 0, 0, 0, 0, 0, 0, 0, 0, 0,
	0, 0, 0, 0, 0, 0, 0, 0, 0, 0, 0, 0, 0, 0, 0,
	0, 0, 0, 0, 0, 0, 0, 0, 0, 0, 0, 0, 0, 0, 0,
	0, 0, 0, 0, 0, 0, 0, 0, 0, 0, 0, 0, 0, 0, 0,
	0, 0, 0, 0, 0, 0, 0, 0, 0, 0, 0, 0, 0, 0, 0,
	0, 0, 0, 0, 0, 0, 0, 0, 0, 0, 0, 0, 0, 0, 0,
	0, 0, 0, 0, 0, 0, 0, 0, 0, 0, 0, 0, 0, 0, 0,
	0, 0, 0, 0, 0, 0, 0, 0, 0, 0, 0, 0, 0, 0, 0,
	0, 0, 0, 0, 0, 0, 0, 0, 0, 0, 0, 0, 0, 0, 0,
	0, 0, 0, 0, 0, 0, 0, 0, 0, 0, 0, 0, 0, 0, 0,
	0, 0, 0, 0, 0, 0, 0, 0, 0, 0, 0, 0, 0, 0, 0,
	0, 0, 0, 0, 0, 0, 0, 0, 0, 0, 0, 0, 0, 0, 0,
	0, 0, 0, 0, 0, 0, 0, 0, 0, 0, 0, 0, 0, 0, 0,
}
U0_JITTER_T_Upper = {
	50, 50, 50, 50, 50, 50, 50, 50, 50, 50, 50, 50, 50, 50, 50,
	50, 50, 50, 50, 50, 50, 50, 50, 50, 50, 50, 50, 50, 50, 50,
	50, 50, 50, 50, 50, 50, 50, 50, 50, 50, 50, 50, 50, 50, 50,
	50, 50, 50, 50, 50, 50, 50, 50, 50, 50, 50, 50, 50, 50, 50,
	50, 50, 50, 50, 50, 50, 50, 50, 50, 50, 50, 50, 50, 50, 50,
	50, 50, 50, 50, 50, 50, 50, 50, 50, 50, 50, 50, 50, 50, 50,
	50, 50, 50, 50, 50, 50, 50, 50, 50, 50, 50, 50, 50, 50, 50,
	50, 50, 50, 50, 50, 50, 50, 50, 50, 50, 50, 50, 50, 50, 50,
	50, 50, 50, 50, 50, 50, 50, 50, 50, 50, 50, 50, 50, 50, 50,
	50, 50, 50, 50, 50, 50, 50, 50, 50, 50, 50, 50, 50, 50, 50,
	50, 50, 50, 50, 50, 50, 50, 50, 50, 50, 50, 50, 50, 50, 50,
	50, 50, 50, 50, 50, 50, 50, 50, 50, 50, 50, 50, 50, 50, 50,
	50, 50, 50, 50, 50, 50, 50, 50, 50, 50, 50, 50, 50, 50, 50,
	50, 50, 50, 50, 50, 50, 50, 50, 50, 50, 50, 50, 50, 50, 50,
	50, 50, 50, 50, 50, 50, 50, 50, 50, 50, 50, 50, 50, 50, 50,
	50, 50, 50, 50, 50, 50, 50, 50, 50, 50, 50, 50, 50, 50, 50,
	50, 50, 50, 50, 50, 50, 50, 50, 50, 50, 50, 50, 50, 50, 50,
	50, 50, 50, 50, 50, 50, 50, 50, 50, 50, 50, 50, 50, 50, 50,
	50, 50, 50, 50, 50, 50, 50, 50, 50, 50, 50, 50, 50, 50, 50,
	50, 50, 50, 50, 50, 50, 50, 50, 50, 50, 50, 50, 50, 50, 50,
	50, 50, 50, 50, 50, 50, 50, 50, 50, 50, 50, 50, 50, 50, 50,
	50, 50, 50, 50, 50, 50, 50, 50, 50, 50, 50, 50, 50, 50, 50,
	50, 50, 50, 50, 50, 50, 50, 50, 50, 50, 50, 50, 50, 50, 50,
	50, 50, 50, 50, 50, 50, 50, 50, 50, 50, 50, 50, 50, 50, 50,
	50, 50, 50, 50, 50, 50, 50, 50, 50, 50, 50, 50, 50, 50, 50,
	50, 50, 50, 50, 50, 50, 50, 50, 50, 50, 50, 50, 50, 50, 50,
}
U0_JITTER_Lower = {
	0, 0, 0, 0, 0, 0, 0, 0, 0, 0, 0, 0, 0, 0, 0,
	0, 0, 0, 0, 0, 0, 0, 0, 0, 0, 0, 0, 0, 0, 0,
	0, 0, 0, 0, 0, 0, 0, 0, 0, 0, 0, 0, 0, 0, 0,
	0, 0, 0, 0, 0, 0, 0, 0, 0, 0, 0, 0, 0, 0, 0,
	0, 0, 0, 0, 0, 0, 0, 0, 0, 0, 0, 0, 0, 0, 0,
	0, 0, 0, 0, 0, 0, 0, 0, 0, 0, 0, 0, 0, 0, 0,
	0, 0, 0, 0, 0, 0, 0, 0, 0, 0, 0, 0, 0, 0, 0,
	0, 0, 0, 0, 0, 0, 0, 0, 0, 0, 0, 0, 0, 0, 0,
	0, 0, 0, 0, 0, 0, 0, 0, 0, 0, 0, 0, 0, 0, 0,
	0, 0, 0, 0, 0, 0, 0, 0, 0, 0, 0, 0, 0, 0, 0,
	0, 0, 0, 0, 0, 0, 0, 0, 0, 0, 0, 0, 0, 0, 0,
	0, 0, 0, 0, 0, 0, 0, 0, 0, 0, 0, 0, 0, 0, 0,
	0, 0, 0, 0, 0, 0, 0, 0, 0, 0, 0, 0, 0, 0, 0,
	0, 0, 0, 0, 0, 0, 0, 0, 0, 0, 0, 0, 0, 0, 0,
	0, 0, 0, 0, 0, 0, 0, 0, 0, 0, 0, 0, 0, 0, 0,
	0, 0, 0, 0, 0, 0, 0, 0, 0, 0, 0, 0, 0, 0, 0,
	0, 0, 0, 0, 0, 0, 0, 0, 0, 0, 0, 0, 0, 0, 0,
	0, 0, 0, 0, 0, 0, 0, 0, 0, 0, 0, 0, 0, 0, 0,
	0, 0, 0, 0, 0, 0, 0, 0, 0, 0, 0, 0, 0, 0, 0,
	0, 0, 0, 0, 0, 0, 0, 0, 0, 0, 0, 0, 0, 0, 0,
	0, 0, 0, 0, 0, 0, 0, 0, 0, 0, 0, 0, 0, 0, 0,
	0, 0, 0, 0, 0, 0, 0, 0, 0, 0, 0, 0, 0, 0, 0,
	0, 0, 0, 0, 0, 0, 0, 0, 0, 0, 0, 0, 0, 0, 0,
	0, 0, 0, 0, 0, 0, 0, 0, 0, 0, 0, 0, 0, 0, 0,
	0, 0, 0, 0, 0, 0, 0, 0, 0, 0, 0, 0, 0, 0, 0,
	0, 0, 0, 0, 0, 0, 0, 0, 0, 0, 0, 0, 0, 0, 0,
}
U0_JITTER_Upper = {
	70, 70, 70, 70, 70, 70, 70, 70, 70, 70, 70, 70, 70, 70, 70,
	70, 70, 70, 70, 70, 70, 70, 70, 70, 70, 70, 70, 70, 70, 70,
	70, 70, 70, 70, 70, 70, 70, 70, 70, 70, 70, 70, 70, 70, 70,
	70, 70, 70, 70, 70, 70, 70, 70, 70, 70, 70, 70, 70, 70, 70,
	70, 70, 70, 70, 70, 70, 70, 70, 70, 70, 70, 70, 70, 70, 70,
	70, 70, 70, 70, 70, 70, 70, 70, 70, 70, 70, 70, 70, 70, 70,
	70, 70, 70, 70, 70, 70, 70, 70, 70, 70, 70, 70, 70, 70, 70,
	70, 70, 70, 70, 70, 70, 70, 70, 70, 70, 70, 70, 70, 70, 70,
	70, 70, 70, 70, 70, 70, 70, 70, 70, 70, 70, 70, 70, 70, 70,
	70, 70, 70, 70, 70, 70, 70, 70, 70, 70, 70, 70, 70, 70, 70,
	70, 70, 70, 70, 70, 70, 70, 70, 70, 70, 70, 70, 70, 70, 70,
	70, 70, 70, 70, 70, 70, 70, 70, 70, 70, 70, 70, 70, 70, 70,
	70, 70, 70, 70, 70, 70, 70, 70, 70, 70, 70, 70, 70, 70, 70,
	70, 70, 70, 70, 70, 70, 70, 70, 70, 70, 70, 70, 70, 70, 70,
	70, 70, 70, 70, 70, 70, 70, 70, 70, 70, 70, 70, 70, 70, 70,
	70, 70, 70, 70, 70, 70, 70, 70, 70, 70, 70, 70, 70, 70, 70,
	70, 70, 70, 70, 70, 70, 70, 70, 70, 70, 70, 70, 70, 70, 70,
	70, 70, 70, 70, 70, 70, 70, 70, 70, 70, 70, 70, 70, 70, 70,
	70, 70, 70, 70, 70, 70, 70, 70, 70, 70, 70, 70, 70, 70, 70,
	70, 70, 70, 70, 70, 70, 70, 70, 70, 70, 70, 70, 70, 70, 70,
	70, 70, 70, 70, 70, 70, 70, 70, 70, 70, 70, 70, 70, 70, 70,
	70, 70, 70, 70, 70, 70, 70, 70, 70, 70, 70, 70, 70, 70, 70,
	70, 70, 70, 70, 70, 70, 70, 70, 70, 70, 70, 70, 70, 70, 70,
	70, 70, 70, 70, 70, 70, 70, 70, 70, 70, 70, 70, 70, 70, 70,
	70, 70, 70, 70, 70, 70, 70, 70, 70, 70, 70, 70, 70, 70, 70,
	70, 70, 70, 70, 70, 70, 70, 70, 70, 70, 70, 70, 70, 70, 70,
}
AVERAGE_JITTER_T = {
	35, 35, 35, 35, 35, 35, 35, 35, 35, 35, 35, 35, 35, 35, 35,
	35, 35, 35, 35, 35, 35, 35, 35, 35, 35, 35, 35, 35, 35, 35,
	35, 35, 35, 35, 35, 35, 35, 35, 35, 35, 35, 35, 35, 35, 35,
	35, 35, 35, 35, 35, 35, 35, 35, 35, 35, 35, 35, 35, 35, 35,
	35, 35, 35, 35, 35, 35, 35, 35, 35, 35, 35, 35, 35, 35, 35,
	35, 35, 35, 35, 35, 35, 35, 35, 35, 35, 35, 35, 35, 35, 35,
	35, 35, 35, 35, 35, 35, 35, 35, 35, 35, 35, 35, 35, 35, 35,
	35, 35, 35, 35, 35, 35, 35, 35, 35, 35, 35, 35, 35, 35, 35,
	35, 35, 35, 35, 35, 35, 35, 35, 35, 35, 35, 35, 35, 35, 35,
	35, 35, 35, 35, 35, 35, 35, 35, 35, 35, 35, 35, 35, 35, 35,
	35, 35, 35, 35, 35, 35, 35, 35, 35, 35, 35, 35, 35, 35, 35,
	35, 35, 35, 35, 35, 35, 35, 35, 35, 35, 35, 35, 35, 35, 35,
	35, 35, 35, 35, 35, 35, 35, 35, 35, 35, 35, 35, 35, 35, 35,
	35, 35, 35, 35, 35, 35, 35, 35, 35, 35, 35, 35, 35, 35, 35,
	35, 35, 35, 35, 35, 35, 35, 35, 35, 35, 35, 35, 35, 35, 35,
	35, 35, 35, 35, 35, 35, 35, 35, 35, 35, 35, 35, 35, 35, 35,
	35, 35, 35, 35, 35, 35, 35, 35, 35, 35, 35, 35, 35, 35, 35,
	35, 35, 35, 35, 35, 35, 35, 35, 35, 35, 35, 35, 35, 35, 35,
	35, 35, 35, 35, 35, 35, 35, 35, 35, 35, 35, 35, 35, 35, 35,
	35, 35, 35, 35, 35, 35, 35, 35, 35, 35, 35, 35, 35, 35, 35,
	35, 35, 35, 35, 35, 35, 35, 35, 35, 35, 35, 35, 35, 35, 35,
	35, 35, 35, 35, 35, 35, 35, 35, 35, 35, 35, 35, 35, 35, 35,
	35, 35, 35, 35, 35, 35, 35, 35, 35, 35, 35, 35, 35, 35, 35,
	35, 35, 35, 35, 35, 35, 35, 35, 35, 35, 35, 35, 35, 35, 35,
	35, 35, 35, 35, 35, 35, 35, 35, 35, 35, 35, 35, 35, 35, 35,
	35, 35, 35, 35, 35, 35, 35, 35, 35, 35, 35, 35, 35, 35, 35,
}
AVERAGE_JITTER = {
	35, 35, 35, 35, 35, 35, 35, 35, 35, 35, 35, 35, 35, 35, 35,
	35, 35, 35, 35, 35, 35, 35, 35, 35, 35, 35, 35, 35, 35, 35,
	35, 35, 35, 35, 35, 35, 35, 35, 35, 35, 35, 35, 35, 35, 35,
	35, 35, 35, 35, 35, 35, 35, 35, 35, 35, 35, 35, 35, 35, 35,
	35, 35, 35, 35, 35, 35, 35, 35, 35, 35, 35, 35, 35, 35, 35,
	35, 35, 35, 35, 35, 35, 35, 35, 35, 35, 35, 35, 35, 35, 35,
	35, 35, 35, 35, 35, 35, 35, 35, 35, 35, 35, 35, 35, 35, 35,
	35, 35, 35, 35, 35, 35, 35, 35, 35, 35, 35, 35, 35, 35, 35,
	35, 35, 35, 35, 35, 35, 35, 35, 35, 35, 35, 35, 35, 35, 35,
	35, 35, 35, 35, 35, 35, 35, 35, 35, 35, 35, 35, 35, 35, 35,
	35, 35, 35, 35, 35, 35, 35, 35, 35, 35, 35, 35, 35, 35, 35,
	35, 35, 35, 35, 35, 35, 35, 35, 35, 35, 35, 35, 35, 35, 35,
	35, 35, 35, 35, 35, 35, 35, 35, 35, 35, 35, 35, 35, 35, 35,
	35, 35, 35, 35, 35, 35, 35, 35, 35, 35, 35, 35, 35, 35, 35,
	35, 35, 35, 35, 35, 35, 35, 35, 35, 35, 35, 35, 35, 35, 35,
	35, 35, 35, 35, 35, 35, 35, 35, 35, 35, 35, 35, 35, 35, 35,
	35, 35, 35, 35, 35, 35, 35, 35, 35, 35, 35, 35, 35, 35, 35,
	35, 35, 35, 35, 35, 35, 35, 35, 35, 35, 35, 35, 35, 35, 35,
	35, 35, 35, 35, 35, 35, 35, 35, 35, 35, 35, 35, 35, 35, 35,
	35, 35, 35, 35, 35, 35, 35, 35, 35, 35, 35, 35, 35, 35, 35,
	35, 35, 35, 35, 35, 35, 35, 35, 35, 35, 35, 35, 35, 35, 35,
	35, 35, 35, 35, 35, 35, 35, 35, 35, 35, 35, 35, 35, 35, 35,
	35, 35, 35, 35, 35, 35, 35, 35, 35, 35, 35, 35, 35, 35, 35,
	35, 35, 35, 35, 35, 35, 35, 35, 35, 35, 35, 35, 35, 35, 35,
	35, 35, 35, 35, 35, 35, 35, 35, 35, 35, 35, 35, 35, 35, 35,
	35, 35, 35, 35, 35, 35, 35, 35, 35, 35, 35, 35, 35, 35, 35,
}